2841
5087
3922
8919
4445
9414
6656
5876
4677
2876
826
7745
2668
3795
8867
8294
2712
8375
2967
1810
469
3590
8890
9091
7338
943
4148
5183
3482
3438
2234
7426
2455
607
7144
4922
2913
8945
4893
3014
5374
7577
1260
8865
4498
1519
7467
6735
9845
7378
8017
4051
600
8810
7412
1860
2210
1617
4961
5761
5421
790
9409
5911
676
4368
7593
7189
3340
1448
3857
3136
7724
4182
9430
9731
381
6119
3500
7622
5632
1724
190
3903
8801
4428
8168
7017
5127
3038
2096
890
4807
8869
7651
6891
7166
8429
4317
4705
9392
9001
2693
5715
7833
6978
5516
4990
2303
1274
4118
467
6373
6678
4546
429
9129
4476
67
2862
6338
195
9249
2794
1518
809
1378
6205
9867
6255
3392
1608
517
2590
5078
2878
5091
6657
1729
9446
3030
4572
6004
2437
6654
8907
3181
7846
1420
1892
6550
351
9372
4483
2145
3854
6213
3650
4539
7349
5005
2718
7929
7195
1942
2107
9216
9408
2166
317
2310
8059
6113
7504
5373
8355
9338
6486
5218
5527
1294
8520
5591
3095
1038
3703
8542
6610
329
8337
615
1473
7086
4097
8068
5916
4677
6347
7847
2747
5009
1462
3533
5944
5881
5471
7971
699
5573
8897
6813
8003
151
5111
9692
7364
1429
2064
8229
3755
6088
9723
2616
7384
8895
8075
979
7381
5514
3017
8240
2990
2854
4
3702
8374
7444
7779
9074
9606
4786
7027
1155
4960
5173
1323
5889
2082
3918
179
3026
8140
6491
6567
3086
1547
1501
3743
867
6353
7023
8724
2195
2890
8213
2260
3152
777
6695
7637
3492
2867
4685
3170
8460
1241
9321
5719
5748
8829
5158
5069
6784
2770
5321
1532
4099
8081
4253
1598
8965
2753
7558
8987
6044
7856
6880
953
4252
8738
307
2165
5563
5930
1261
1026
5980
6843
1340
5767
5366
1843
5085
160
5386
809
7142
1191
7260
8761
4783
3543
3539
1659
1255
8228
651
5954
7933
5213
1398
7997
5737
2387
9160
1899
8785
5700
7995
6923
5755
7845
5371
8017
6915
5286
6746
5576
7301
6021
3705
3022
9001
2888
9885
3303
8028
9775
1408
7904
3727
576
1020
4453
1218
3232
7682
1536
9809
3706
5817
1791
2872
7232
925
6901
7146
6684
809
546
1922
404
4101
7950
1102
4347
332
3075
3574
5863
8243
7085
9902
8983
1579
4158
5770
3538
4065
3255
5167
2962
7789
6916
8780
8119
1717
699
5557
7000
9551
9351
7916
2631
8649
8292
3558
4043
4237
1521
9372
7635
5611
9529
5377
8784
3568
3323
9190
6048
773
3132
3973
2794
9288
2920
5346
3600
1971
4275
5209
5286
6979
5779
2970
4899
7078
6448
7127
9505
7993
4341
2682
5137
2501
3929
2354
4732
9508
8312
2058
7411
9801
4894
3626
3931
2718
5584
221
5674
440
5147
2443
7000
9133
3774
5555
3308
8650
2475
844
9665
5019
2395
6543
7323
2432
1629
6313
7990
3955
5650
5736
8182
2677
9927
9800
8512
7517
5844
6837
5250
408
3489
6881
4005
4082
7436
4923
7868
2157
4088
2029
4865
5770
1697
9779
2054
3455
6633
6019
6123
3495
2013
2365
2823
459
7274
6457
80
153
9793
4406
2140
9693
2132
1428
4572
1928
1021
1107
2494
5923
6656
6279
6852
7729
3418
6992
6095
8151
5600
3516
3105
6743
4236
4870
9701
3736
3632
5834
3586
4126
8679
7922
5064
641
6564
2270
3377
4804
8943
4921
5006
7804
3205
7477
8778
5412
3884
8568
5121
3634
7844
4131
9316
4350
9311
6955
1092
2630
3355
8455
5385
9967
8908
8161
1647
132
4926
8872
1503
6873
5771
7961
7133
5186
4417
7783
5203
365
4578
670
3708
1547
5337
6470
1543
8992
4385
3106
3174
6792
8454
3120
3240
5239
2041
1677
8422
9574
8020
3983
6440
4330
6229
2603
4506
4987
8632
7642
2093
1166
2141
5248
5343
8066
2708
2422
2976
5383
6762
8590
6036
5406
8595
6915
6320
4535
4795
810
827
4910
9300
3631
2081
5402
5201
2005
6667
3656
1843
5776
6819
3425
8367
28
2416
3899
7239
7157
3214
263
3900
9457
3670
7187
1102
5203
5200
9479
9044
3678
3207
6611
4880
7127
8730
346
7722
106
7061
7173
7703
9193
8160
9781
208
8521
6226
4282
8871
9125
8262
2406
3416
2536
3975
380
954
1632
1861
8728
1818
4181
8811
9682
3526
7062
3093
1451
8988
1627
3041
1049
7518
3178
6300
9907
9774
18
6977
8986
201
58
531
2615
3082
5437
8757
2763
787
8128
9689
7968
5303
2001
9797
3656
6665
9310
8285
3037
4349
2070
5865
327
253
1300
2829
504
4327
9589
3777
2311
6480
4971
8839
3728
827
6554
3726
1643
891
4901
3480
9920
6842
2600
7229
2601
8375
3024
3826
1455
9312
7717
697
9581
2527
5408
744
5309
6290
8090
4644
3088
5619
2157
8407
611
4735
5060
8502
3860
9215
440
9433
4331
8934
7223
1075
5114
5396
639
5642
5089
9539
5633
6610
2917
8615
5633
4448
5085
3238
2153
6501
4681
8182
3194
867
161
3048
910
6609
5786
1364
1517
5154
7983
9234
2893
211
4324
7119
7873
6066
4351
849
3664
6580
3971
452
387
9751
7629
7904
4195
5176
4984
7391
2937
4253
1309
4162
4840
5476
3322
597
3183
9655
4689
552
2419
2421
7890
5595
3723
3838
1687
9218
435
7491
5910
7624
6362
3868
7770
8179
2413
5404
6423
9123
9525
3009
5015
6631
8367
6440
1902
7832
8774
3356
5292
858
4387
4390
8003
5529
467
4102
1573
777
5355
132
1434
7377
8534
5421
7366
7108
785
827
5954
1912
4378
7981
4271
9165
3790
4745
6490
1642
9903
8081
7666
3273
3166
1715
1386
4284
3667
8410
517
1814
8613
9200
2773
4613
158
4438
5308
2893
9071
3992
5065
6949
2197
6426
4100
629
4188
9539
1582
8256
6468
7061
6718
6079
8906
8896
9293
1877
2164
4720
7058
8774
1179
3297
1688
1888
2770
2354
7517
8891
2812
6353
9776
8079
965
2004
1557
47
3423
3878
1206
1558
6645
4935
4385
2711
7539
9340
7508
983
8080
7395
1765
8256
4806
4931
9472
9417
6189
2009
6946
3618
3328
8270
637
1807
1943
4782
5727
6595
6137
4724
8919
3092
6893
7745
9636
1763
778
5360
6348
6934
6820
7207
7240
7017
2026
518
6949
5068
8514
7649
3580
744
7725
9010
2731
7289
9678
1234
7728
9610
7754
2944
7811
2055
1953
2941
8469
6982
6116
8175
660
7715
7069
1331
8116
1971
6153
378
4474
4368
6126
4928
4434
9096
8886
6745
5669
6343
1996
4239
707
8582
4478
3313
503
5301
4845
9381
3917
7275
6829
7912
9823
3971
793
3350
1056
185
1283
8738
1934
500
3687
906
3554
2657
5477
8554
3596
3439
2
3082
9844
3158
3296
4511
9147
7341
6872
7325
6042
6702
1972
3602
7746
9001
3241
3254
4755
8886
2293
3733
8746
4302
4139
4047
2018
566
1945
422
5188
5704
8086
3457
2350
3142
1975
9125
5427
342
7618
8444
1936
4480
6384
3184
2871
8760
2941
7437
9940
5455
4840
7401
3859
4270
8708
4224
7936
7120
8518
7240
3652
2923
3917
7461
7466
8493
9063
3647
557
4126
4948
5811
5725
4984
684
3501
8171
1862
1704
8701
9369
7430
5364
5690
5754
6553
6898
2714
6448
1769
1206
2807
6726
7537
8447
3600
6466
9328
3890
8477
5282
6173
5008
3908
8565
7743
1271
306
1148
9574
4621
6254
7829
2505
1086
8451
2442
4960
6496
2203
9725
9123
1800
9826
6678
4640
5907
6784
2654
5918
6568
7921
9881
1618
2225
8623
8642
7445
327
8254
3838
5820
66
5710
2142
8531
6
9442
1466
954
3572
6780
6970
8945
7871
9907
310
1987
3812
8329
1367
8692
7989
189
4161
3253
9308
7249
1176
3931
5814
909
2807
7182
9691
9089
1158
3513
908
6330
9900
3655
2473
1943
4418
6156
2773
3566
8953
9986
2955
5961
9970
8236
9826
7401
7462
1526
7248
8486
8417
2199
1477
740
9153
2896
8433
4818
5760
5615
3356
684
4349
9839
5831
4594
5334
834
5641
226
8471
1702
7412
3807
7862
5288
4534
5579
8655
4542
5315
2441
9644
2406
6841
9124
8503
4856
4508
7729
8862
3155
7695
7982
949
3938
4558
3043
14
8211
1390
8216
9257
2856
4541
2405
6473
748
5349
4655
6142
8060
1062
626
1172
9863
7212
6342
1019
7612
9413
9061
5409
4610
5053
7607
5368
8042
7847
7005
5786
8676
717
4771
6237
1827
4980
8696
9263
5669
6289
8465
7856
5498
323
5959
6342
5036
3678
1582
1390
8369
7928
6460
2378
8611
7337
2850
2806
1895
3171
7602
7010
7776
101
6033
8868
9648
2649
6029
1724
1259
2152
4752
1262
7928
7212
2765
5530
3551
3107
2939
8840
6990
8114
3978
8775
3946
7236
906
7992
2898
6287
7363
5076
6212
1801
7048
1138
10
4749
4158
1379
8886
8518
5165
3356
4081
4127
6776
6141
6186
8150
7414
7123
5992
1311
2071
5640
9558
8222
2878
5187
6108
1232
222
8406
9843
3857
1771
1566
9258
1762
9244
7784
71
1748
5260
664
340
1744
5129
2614
8878
7238
913
4522
550
2142
7604
6042
4548
4544
3774
8186
4240
323
1518
2451
9682
93
3062
3203
6396
7451
3855
2522
6493
8984
4498
9246
748
9021
6369
6416
2720
4584
8250
3855
8495
8513
3848
5084
8173
1238
2509
311
7662
4160
8000
9697
1901
110
2688
3631
3083
8861
6963
9212
9987
8150
6248
4690
7004
3201
443
6048
3960
182
3145
2468
314
1607
478
9897
9845
4116
1904
4417
4402
1624
7819
9660
7826
9294
1320
4962
3633
6318
3948
3502
2543
7952
7783
2118
8461
9802
8710
7040
4003
9806
8222
2241
9151
5891
3578
9645
9134
9774
8686
2892
141
9876
537
8884
3941
8811
8538
3841
5019
3429
6597
3071
6308
7874
283
6182
2129
2628
3932
1954
9412
5014
5014
9583
804
9113
5636
5525
5765
5589
3489
7653
8218
4360
7117
949
1885
5607
2827
1444
6867
7082
3101
7629
3587
8184
8836
1065
2676
3763
276
384
1902
3142
3960
5435
3731
2303
5548
760
9619
9719
853
149
9628
8799
9932
6464
8453
2410
1578
3476
1462
7448
8059
8920
6839
9931
2435
481
2425
3572
3319
8956
8349
7311
4404
5270
9042
9770
8616
611
735
1104
9223
1360
3022
5201
2760
3068
5598
7731
1089
177
3744
7977
2475
715
8680
4945
3978
7677
1354
700
40
1324
781
6419
4596
9092
506
9107
6546
2364
9306
9462
953
1798
4708
3851
785
5434
427
5860
6564
6316
1309
5402
3761
8819
1881
5836
271
5430
7100
2076
8829
8176
6386
5149
1693
1435
4548
1185
7454
5341
5683
5297
2300
1505
8649
3317
598
5265
5205
6868
2113
1192
4410
9735
5733
1069
9373
5998
2026
6048
4954
2908
9478
7231
7506
3962
1759
1365
248
159
5858
892
372
9891
3429
55
6465
449
195
1293
7354
6610
751
8639
5956
4272
8615
7330
4238
9603
3860
1370
7863
6685
3187
3238
1639
9104
9763
2481
9344
3465
2687
2401
4037
5309
8412
6554
7432
378
8980
9286
9448
6720
4402
7018
1513
5588
9036
9501
9719
1607
4298
2767
6433
5181
2563
7978
1441
2598
9582
2910
6229
1818
5272
5280
7496
4395
5226
9638
8482
6515
7763
2040
9223
4613
3895
9224
9301
3540
33
1513
9212
7745
5771
1142
8924
8446
1618
264
4723
2252
3996
5313
7952
9217
7353
6976
1724
777
5753
7475
4205
554
8757
9382
9566
3487
8965
2684
198
1268
1047
9324
6272
4535
4614
6928
1252
4814
5771
5939
4452
1653
4694
6880
4220
2941
9075
6964
7854
8863
5785
7764
6844
2468
5587
8171
8525
2320
8253
9352
7739
5190
7927
928
4606
9276
1071
90
6991
901
1846
7878
8753
170
2270
9335
7393
3549
6989
6752
7173
3841
5017
7734
6302
514
3279
2298
9300
5871
9306
5719
8113
5008
2927
6347
8083
47
9290
122
7369
1603
8076
5987
904
2953
6226
8930
2492
4884
4054
9878
1125
1682
7051
4148
135
1229
8267
2685
250
4681
8579
2802
167
3703
4709
7636
723
5709
7329
6053
1273
97
4096
7203
9344
933
4969
6451
7189
4069
9632
1913
1311
9139
9396
3298
3557
9429
8393
7285
4889
5073
1432
6152
5403
7540
8339
8880
6706
5906
7147
6441
5243
7842
952
5494
7663
824
5811
7214
1817
1507
9495
459
9486
3743
3467
1009
9438
8216
2904
1081
1889
9148
2130
5852
7981
6063
5292
6198
365
1059
4613
9375
3479
4578
1093
1861
4612
5119
4972
1066
9361
883
5819
5147
7565
3809
4584
2635
8305
8969
2451
6089
5075
4793
3848
6514
4715
2097
3446
7735
6193
2375
9501
2477
7834
8326
8375
4334
4094
2092
7577
2386
5466
9165
7187
7642
7616
8433
1976
3062
8338
1351
9096
1356
3431
5673
8662
7282
5078
1751
7087
3673
8836
1838
5492
2897
7818
5389
8060
7976
5171
5802
7660
84
8431
6599
8588
1638
1864
7492
8775
6709
5378
3303
6302
2959
1096
1234
7560
1832
1196
4411
6908
6222
3097
2218
172
7321
600
350
6818
4880
2061
6084
8157
7601
9211
6716
1416
2862
2691
1642
2022
7525
2919
1052
8943
4007
7367
6705
431
8371
7854
2749
7
9624
3937
7062
5034
1961
1000
6075
2723
4171
4138
8559
914
2909
1419
6325
3474
9072
2635
2324
2662
8990
2112
9102
3295
4642
6694
3096
6073
9637
2492
2715
9888
151
6471
699
5477
2565
1499
3710
5257
2005
5931
4626
6681
8512
1324
5519
8969
56
4390
1757
5547
4114
1764
241
7044
2035
8687
7197
2192
2899
5206
3541
6463
6109
5972
8242
807
4409
2233
2681
5307
1569
7126
1467
5115
1446
7849
7668
8516
7634
806
2945
9437
5442
8339
5535
9281
387
8109
1581
5395
9958
8750
7741
6049
7833
7868
5582
4236
2302
993
699
5166
3082
2568
2044
4780
3275
2575
9429
9134
5658
4890
9668
6996
5047
5957
4336
501
935
4881
4600
1201
7145
8531
1109
1369
7690
7743
9393
2881
582
3226
3752
8535
3793
2253
5101
3145
98
9740
736
4250
11
9805
6493
4795
4533
6395
4273
2607
1943
4081
389
4031
5324
2616
2721
1552
79
1339
7130
7766
3122
2038
6113
520
7984
1337
5164
6585
2544
6237
4805
3697
8605
8870
8764
3312
5039
9083
1258
8911
8707
5940
8864
7214
9888
1725
4935
2135
1428
4554
7029
3822
3323
8188
333
7633
6966
132
2538
382
5771
1615
8135
3714
1387
5559
2607
6929
7231
1112
9484
4126
3556
5850
5722
2986
764
9236
3388
5060
198
3439
8107
9886
4118
94
7247
7793
9084
4104
3312
8726
9472
8080
505
6946
332
3506
4932
3938
1308
7226
1426
4374
5848
4354
2441
2487
2408
1183
7001
8674
6882
4206
163
8700
7972
3829
5969
324
9711
3879
9354
4710
7868
495
4974
2445
9448
6497
3427
6533
7001
9826
7840
7185
1974
7156
6281
5766
3808
6257
7974
7734
4002
3220
3776
6914
6881
3121
3896
5959
1254
5235
8315
335
9714
6377
7884
5668
4773
8476
6562
817
3571
8969
7761
1491
5357
5113
283
1776
8483
5804
1790
3399
6114
7003
308
5083
2372
9356
6704
6835
3151
9109
3625
6508
8294
5901
8859
8479
4379
3545
3589
6798
9810
2370
8509
7634
6447
4240
3268
8378
4484
3826
7212
3237
9802
2233
1902
7668
5504
1576
8354
6495
1869
1594
4498
3042
1425
1899
802
9149
8366
5959
4542
8392
4044
5397
5683
7361
2731
5707
9839
2337
4394
6982
6285
1221
3683
5747
1480
3039
6865
6480
1084
9889
909
3938
5927
8657
1453
9856
9898
2355
8867
132
234
3420
4126
1077
3163
3824
8722
5841
382
9327
5323
4589
4334
7730
8407
4533
2747
3468
6578
8420
5417
3373
801
2546
8688
978
5258
7916
5615
9178
45
632
2261
3608
7444
93
3111
1583
5968
6126
1062
3925
8918
8616
9967
9552
6651
5741
190
5136
4293
9408
154
4711
9108
8980
9337
6538
4249
6880
699
7108
8096
2185
3000
4591
915
783
5970
6603
3047
3201
3827
9618
1354
3692
5073
9877
3128
6672
9077
8131
9194
9111
2379
3070
424
9957
211
775
4368
202
1181
40
1246
9672
5608
5908
988
9141
465
6257
5567
8861
6403
8797
3337
7101
4820
8305
4578
4788
5454
6444
9996
4851
7458
9025
6372
7351
9429
8032
6087
3995
6369
8277
9753
8132
4025
1005
3643
8820
3602
9322
6170
59
2302
2759
105
8782
7660
839
9776
7703
6153
7975
4945
1608
9036
4558
5609
8192
893
1562
4410
7027
8857
8524
5905
2758
2971
7234
4392
1126
666
5982
4526
8903
813
1708
1428
1333
5326
9891
9525
3190
8784
4530
1818
2017
9041
3056
3823
4666
4282
3521
8871
722
4515
3897
4022
8901
7948
5854
8278
5024
5227
7829
7339
2656
7008
4755
1607
6
2829
4278
6661
9178
1740
1819
7923
6370
7682
9314
3731
4116
5060
4971
3537
9162
2500
3916
456
2067
5239
2030
9875
7132
9133
7859
8343
3740
1742
9914
9472
2710
8466
9223
6051
3751
4195
9462
100
2615
3449
9530
5084
9041
4471
5884
7005
9084
5246
4507
3590
7920
1908
4833
3287
1727
2515
475
8302
9731
1648
4111
8388
10
3812
6356
4594
5150
6102
982
4719
6356
3112
1311
4662
7095
9539
5133
2404
9880
8469
8004
3837
2277
5801
7240
2151
742
3786
1487
5015
3364
9143
3172
6248
5127
3724
3713
1218
1772
8199
3810
7683
854
1725
3669
6278
1090
3071
502
7394
3600
1167
3144
3642
1115
5543
6135
9635
3764
9638
8110
3308
2526
2422
1833
5477
3940
6341
5735
6885
2172
2003
9282
4425
7025
2622
7024
775
8994
3655
8679
4166
4951
5620
5074
7481
566
545
2307
8439
8040
5045
8965
5041
264
5466
3736
3034
4982
3082
3272
4587
5058
9811
2641
9910
3443
7416
3200
6029
3929
5660
5257
9441
1294
7387
5344
1863
6916
993
453
791
8469
3263
4082
9104
4780
8032
1428
405
9443
8648
3578
9346
9296
4705
3036
8633
6336
6005
5428
6944
4177
9236
4738
4475
2648
5310
1913
5325
6611
7860
9175
8454
7610
5830
4893
1419
9431
5662
6362
3610
1170
1022
314
8217
3909
545
3523
4622
9590
6566
8346
5459
3173
313
529
5052
1686
1513
9145
8439
6250
2896
980
2721
5677
2562
4241
4938
2733
9678
8900
3200
6665
1467
3547
286
8076
1973
1064
1434
4748
5558
7997
542
9511
606
4943
1488
3741
1398
7810
3805
2590
8634
2285
4415
537
1560
6371
9646
8356
7183
8308
4256
5088
4527
9750
6669
1130
4413
6526
2161
1006
7720
1832
8192
6938
7607
9200
8630
6798
3652
5084
6056
2544
8390
3410
3891
7719
9205
6937
2559
5126
1062
2757
6392
8254
8029
1803
516
2564
4070
4683
9421
5220
6074
8707
1441
4360
4592
3425
5857
1502
241
4550
1855
3181
6257
8583
1036
405
157
2998
7722
7027
9980
9328
3751
633
3079
8992
7005
2023
7930
4217
5368
1899
1923
8883
350
5838
618
6649
7080
1152
6413
6197
9898
1727
7114
5937
5269
9432
7360
3020
6214
3199
8385
4004
5009
9354
4067
7009
3346
9312
3760
7713
1685
3211
4850
4030
2014
590
521
6813
738
1703
696
6421
912
5562
6617
7511
5537
3296
2039
6874
6143
7937
6504
1678
3373
4201
8661
7952
8783
4391
109
1665
9587
8978
2720
7224
557
2989
4921
759
9805
1768
4902
8023
7653
2225
1207
9253
320
8149
3699
5839
2651
692
347
6146
6582
7614
7813
327
4588
7374
6307
6471
9818
6680
1679
2944
7135
2565
218
4239
1785
2615
4121
210
4910
9410
8103
1013
7632
7796
127
2599
7909
6074
1706
114
6904
4689
5755
9043
4066
8536
2464
6438
2658
1452
6155
7078
9936
4005
8594
1909
8711
8169
6726
8597
9504
4967
5307
6551
5013
3703
7391
1244
1119
3846
8152
5191
1139
3179
0
5419
2552
8303
9474
9777
7912
6086
8857
6921
4177
7152
8010
7333
7151
5010
4372
5205
286
6903
1603
3532
9539
4989
9841
7271
8516
8929
3037
1892
620
3493
1343
7177
7413
7261
9009
8605
4923
1029
774
1171
2109
7003
2212
2981
8202
2375
1994
8458
8138
3380
6554
3526
7814
8429
106
7584
3366
1400
5498
9642
1210
8695
3860
8447
8047
6150
3525
8947
2559
4387
1178
9936
3013
3715
723
227
7492
2158
7808
3191
5975
2719
506
2011
5975
8457
9100
492
5964
6492
449
6768
3303
4509
4908
9765
5885
5869
6257
733
9224
1920
7622
4728
3200
2598
8851
9355
5181
8909
3312
643
8741
3393
4586
8371
9689
7161
6014
5709
3639
4595
8588
507
1824
9310
5126
8073
4386
7469
1223
7801
2850
7044
5938
8465
6015
4120
7683
9552
5961
9832
3286
8457
3413
4035
701
5894
4156
4286
8324
4359
750
1254
6393
6998
6231
4134
8433
6720
9042
2162
3222
7892
903
832
243
5472
1832
3904
4088
8912
9054
4791
5789
687
8997
3432
1541
1778
4106
7233
1785
8969
8687
7172
6123
1291
511
2670
2030
5460
7377
1313
7833
2657
377
2014
2932
1481
8057
2731
716
4437
8213
6304
2163
7790
6534
529
576
7125
3800
1059
434
3474
5872
8205
5819
7338
3183
1265
6399
454
8946
6444
1418
7650
7801
6976
4683
3628
9127
6537
5998
2034
1724
9544
7031
6630
9093
4426
2058
6942
7030
8478
6588
3213
7758
5369
9304
8000
7299
8921
5304
4269
5333
9233
1118
2333
9232
9758
4454
459
6512
6415
4148
6515
2403
2343
8296
476
1775
4380
1020
145
7122
9860
849
4935
6828
4835
6180
5043
440
7298
5789
5879
156
1517
4858
74
261
2059
9486
1922
8710
8613
5159
1601
7596
5189
7145
9007
1714
9803
3276
9556
6930
3231
2095
6791
2599
7929
1832
9140
4718
710
8181
663
9063
5284
1342
8147
6007
3233
5299
9374
1253
4536
4806
9916
9184
1223
8044
8303
8072
264
5422
1900
8841
4274
7489
8342
1617
1134
7426
9869
6779
6129
6086
407
9734
2683
56
7734
1124
291
5697
5578
6702
745
4646
2993
3574
6246
8740
855
2045
5490
4834
7812
4772
6326
2474
552
7459
6090
9908
5716
7798
3183
6393
3303
1878
6017
1268
3919
9794
7899
2762
4701
4652
8959
2016
1271
1710
8714
263
5558
6859
5360
9670
1832
6172
383
774
5795
736
9592
2008
4073
3481
4156
9272
3950
7239
7746
6026
5697
5732
8381
6861
2319
1727
6051
35
4093
9063
9739
6923
7713
7772
9914
8870
2405
4022
5097
4395
7847
9086
3593
2234
1235
4067
3987
8173
3353
9589
486
6160
5966
2184
1715
6639
5414
1584
4050
7603
9710
5636
3089
6311
9028
2072
9345
2153
1884
8833
6773
3624
1893
7183
5200
4877
2409
4324
273
9829
8921
4732
7009
4281
1532
1927
5537
9024
2372
4909
144
9402
5280
5966
5188
9301
7616
9080
4004
23
6528
647
9377
7029
4524
6728
6679
10
1703
3555
3268
4253
4473
505
243
3782
3107
7269
5140
9224
2987
9421
6674
5895
6865
9117
5117
46
7999
147
4397
3760
6501
9040
4527
1459
3736
6456
5448
3485
2134
5589
5879
4740
231
6775
3273
8835
5308
51
3470
729
8460
9869
1140
3324
9436
8688
4614
5981
1103
8656
1187
5431
5874
3115
1501
2045
8933
2133
4087
6938
5625
8791
3673
7866
2826
5438
9340
4397
6660
1642
1132
5311
1396
8036
6197
3716
6867
2807
8072
7824
4260
20
5194
7880
2624
1510
7230
2199
924
6554
327
7784
3004
6054
4869
3488
5293
426
1842
6202
9593
2944
6387
3023
5808
2732
9655
4877
1940
4133
2540
9572
1210
1684
7391
4734
8636
2392
6302
3614
1925
9549
7058
9219
4007
4804
347
4744
7074
7699
4332
769
443
4393
5151
2197
7115
9801
4483
394
6345
9859
7724
8503
2098
3126
8913
400
9699
3460
964
6264
5556
7975
2325
223
7275
6999
3641
8054
4018
5248
519
5395
9455
5951
998
9449
2141
2119
8803
9637
675
1706
5986
5179
3474
5851
1045
69
5508
1944
1115
8405
6847
5724
9331
5554
356
9125
939
3119
8380
3097
4269
8161
776
7114
5156
9675
9118
9592
5897
7755
4432
5929
2345
3441
8298
3400
5232
9711
9667
4606
4314
6573
2232
3716
6435
5754
9702
2202
1089
2921
8819
3300
9605
7928
2462
6911
6512
6053
7683
9155
4200
5680
6022
3311
4474
412
5933
1341
3074
6076
9684
7739
5774
5588
9551
9906
7149
7145
676
1781
5594
3724
404
9943
706
4339
6475
3898
1606
42
8880
4779
7306
124
2758
9170
2706
6495
2149
7278
6329
6699
6973
7166
8365
8547
8051
9276
145
1829
7542
7944
8612
5072
4608
9143
1905
7815
8683
6167
4637
1380
5159
7462
3962
3582
860
3352
27
5377
9123
841
6908
9894
6856
8243
2613
6833
8386
3843
9249
7692
3474
5303
6958
9791
9311
9048
7694
9564
8860
1336
7460
8091
376
5237
8073
4329
5453
237
2079
4023
5438
3695
6881
4755
8559
5857
6700
106
2614
2653
3446
8399
550
3003
104
3988
8797
9838
2720
1570
686
6560
9583
6475
9794
3164
8702
6420
571
8734
7164
2681
6082
9535
8474
1160
5217
4424
6465
6310
4201
1783
6874
3397
9755
4719
178
7052
3761
3723
1787
6601
1749
8521
8176
1117
81
3338
65
9694
9150
2284
6236
4881
2451
4088
4067
9766
3870
7894
5402
1669
8019
4344
8828
7914
981
8659
1964
1653
1299
4945
9854
8205
3540
3433
8059
4882
9312
4883
1537
9770
3035
8860
2908
7433
2347
5110
6199
2014
5463
9747
4664
689
346
475
3762
2960
3026
7560
2902
3741
4916
9777
2037
713
1460
7042
1714
8916
6968
3955
7647
8047
2977
965
3447
428
9976
2391
7564
122
4848
2995
3057
6157
8866
7348
1283
5326
3593
8691
3087
2549
4524
6524
3609
9235
4813
4627
9274
2647
3937
3742
8082
1707
8634
5635
6779
7239
5954
7751
1012
7094
784
180
7045
9140
2670
9166
6155
7584
9292
3853
5274
589
6439
5522
9998
9664
6811
994
8532
3782
2513
4462
7684
3713
8568
4435
4485
4520
7301
5041
9550
6711
5937
3377
748
8988
2255
7162
8299
8086
5641
9379
4870
3658
3386
9137
6788
8674
4573
484
4936
8314
6395
3364
6451
2808
248
3464
801
2207
7442
143
6340
3539
6876
4190
5942
3332
9523
9604
2791
968
7060
6130
9941
830
4492
1768
9721
3718
9122
6967
1590
511
690
4731
9540
3518
51
3349
2621
3516
6211
972
4702
2922
4080
3756
2059
8084
7785
1786
9866
6146
6880
9501
1209
4462
5296
9843
4693
3034
5389
3845
9255
2928
1910
9873
7261
6150
3259
9250
9493
4945
9846
7472
8111
988
1931
2743
6188
7437
1756
6037
4913
9316
7335
9418
2051
194
7738
1825
7759
5639
2210
4053
6347
6397
7974
7136
5082
6790
4059
859
3625
6272
994
1620
199
4643
8720
1350
3074
3864
7557
1716
8477
1956
9566
337
8501
6945
166
8204
5128
1331
2328
54
8940
35
8207
1892
3627
7308
5547
2398
9879
559
8705
7424
4753
1579
6643
9306
5118
8123
2716
5214
6260
1326
3622
1247
9249
6915
7337
1504
3166
689
2393
3844
762
1236
3340
6549
8675
5353
9722
2621
5771
4146
8438
922
5718
264
1802
5874
2377
9249
6169
9952
9120
467
8456
5667
5642
5588
410
6280
8395
5076
2960
6950
3199
5678
5510
543
1163
4358
7492
4813
1478
6657
2055
184
7193
9950
4205
9846
2565
4560
8255
6382
3071
8201
1928
1647
1683
1726
6952
9116
7493
6634
8491
432
5293
7321
8261
344
7183
3535
8670
6789
9829
996
7829
5312
3436
672
7768
9547
1052
9657
721
1990
9285
9132
805
1769
4029
7374
938
8631
7296
8285
7353
4877
3742
8404
6543
9450
7985
7877
1976
898
6312
3347
434
8437
8859
3242
310
2830
864
8419
6721
1290
4088
3643
759
3146
1997
7858
2746
5472
4794
3735
1821
408
2899
9449
6713
8393
9973
8160
5036
4017
9071
3178
954
3725
8032
9256
3561
7084
2683
3009
814
5830
8964
7900
6369
7423
7559
1785
9163
2318
7135
7471
8075
6676
4777
9257
6532
4735
4708
941
4380
7558
8904
3236
6878
7370
5679
1092
3153
9225
4848
3869
8965
4186
551
3851
1121
774
5340
1044
3380
3880
1622
4758
6202
2865
9041
4913
5170
3070
8908
8557
5449
7460
9268
9551
2101
7598
6683
1906
8625
5702
3354
9725
8546
1968
645
9223
7405
3908
2627
804
4997
6901
5715
1647
194
7689
3014
1782
3201
5023
4448
9126
2585
4196
6274
1432
6925
4668
6081
5639
3425
2496
1851
7581
8335
1817
6199
7527
6518
2061
9358
9516
17
154
7029
4966
7952
9394
1676
3510
2607
9248
8356
6550
9040
2771
8691
1471
8057
867
9067
7010
4904
5119
1649
2725
8517
3404
9320
8053
8666
5004
8130
8913
852
4442
3337
2327
1279
5757
7661
2024
6775
1435
2819
508
6971
2719
7944
5541
8611
516
992
1521
4321
8612
1709
8724
682
3432
7274
5873
2958
7036
4196
4008
6318
2602
2568
2122
5889
4086
1263
7533
499
4300
5180
6465
7441
8106
8113
2796
8108
9965
7362
5456
6840
7551
8651
7428
7826
5635
2479
1840
7411
6989
5465
3095
1640
9500
2805
3524
1399
1222
428
8527
9978
7594
7937
5664
419
7529
5936
5672
2474
7599
3840
5878
1533
6039
6753
8968
4354
778
2514
2589
8947
8227
2502
7751
8446
2035
2291
6490
1332
3535
762
1778
2819
8099
8746
5130
4782
4118
805
9884
4042
3830
6245
633
1377
7714
7946
1755
6074
6659
112
536
3394
8644
8528
2832
4774
9136
9422
1754
3120
6927
5524
2338
8035
9625
417
7669
8310
5531
4770
4431
1552
1104
552
8348
3256
5743
1819
2483
203
8104
3162
3877
5488
664
9421
6477
5063
1764
2751
834
8100
6831
5631
3540
6043
3017
919
1870
7693
3961
2537
1592
147
3897
2894
8430
7959
2826
5616
6126
5360
6974
4709
6591
8871
1246
3716
106
165
2911
990
6028
1513
8212
9657
7000
8670
6149
3374
2100
8525
6130
1469
6927
1380
8716
9558
1069
183
1192
4240
5939
1576
2158
2956
8438
6090
1878
2601
8419
7331
7600
3002
417
2510
5566
3830
2613
9146
3928
6064
8511
5307
3291
1583
9277
3208
4101
6987
7235
8529
2604
247
3460
284
9578
1260
4958
8599
8577
9924
9400
225
2885
7811
7861
4145
2920
2037
8558
2108
8291
2425
7033
1445
1229
5554
766
9996
621
1783
8681
5506
8353
3851
8506
4325
2188
8137
7473
6758
1895
2188
4311
8913
7852
4596
3003
3380
3833
5818
1293
3601
8206
1048
9379
9254
260
8712
6797
2514
877
702
7938
7529
9263
2921
9177
7945
9970
7256
3087
9833
6915
8551
7696
9867
3619
2690
1267
1084
1393
4372
5558
1074
9672
5682
3044
9951
5233
9046
6056
7938
9503
656
8321
4920
5691
2984
1854
6797
9941
7445
4683
5997
3247
828
7383
5969
3333
1585
8857
2031
8222
4553
4374
3384
5722
5234
1301
3664
5525
7197
510
9851
3162
8716
3926
1905
7522
7223
1198
7942
6148
2687
929
2328
5038
3492
4477
6503
2173
928
2759
4900
6472
871
9044
793
6417
3763
3209
9423
5046
6467
5405
8242
549
2106
9630
6617
4174
6476
152
9844
9667
2121
6270
4813
963
3669
3368
7162
7351
522
740
2278
7827
5494
9152
4969
8850
488
3603
5168
2238
2810
9271
9507
2391
8207
1089
1098
4597
9237
9941
2376
8609
43
935
8342
4228
1143
1725
45
8108
327
1350
659
3500
8244
2562
8988
7147
9782
3104
7743
73
4838
3919
6446
1445
4558
4745
1292
7270
1658
71
6815
8113
5904
934
6712
2571
8355
499
3655
5718
460
3918
442
4237
6601
5421
7331
2464
1176
8111
2898
6054
3821
4440
8268
2499
8853
7816
7052
204
7547
8328
5846
351
4314
8058
2629
8262
401
3923
2905
3485
1192
8555
5932
317
5700
2156
5885
2987
9355
806
5291
2217
3681
9207
587
2374
8942
8304
2137
943
8366
781
3559
4526
5036
9877
7701
8101
5035
9509
9110
6744
2952
6154
5340
1546
8332
5476
1944
3936
4162
9152
8484
5128
1001
9874
5422
9922
2832
4994
4211
6561
3236
1778
5451
6873
2990
9747
2445
3420
2663
8052
9995
2863
6325
8387
785
7266
4947
6371
4208
7559
597
6891
4948
5884
5018
1375
1201
6025
8685
7448
4845
3662
8933
3951
8426
656
8255
6800
6285
82
6353
3629
9688
1240
2051
7711
8291
6345
3647
4112
2783
3139
8813
3550
6057
113
7624
1929
2756
3596
4821
6012
9517
8383
9890
8212
792
6172
6063
5954
7547
8482
1825
3596
8727
3304
1028
7360
7788
7188
194
6252
9181
6986
4122
4435
2095
7977
3369
3032
1326
7580
9714
1813
7611
6393
8194
3752
2265
750
6803
7904
3469
3545
7458
8592
4052
2516
4309
1353
3113
7727
8004
8624
6322
2446
6992
633
2248
4165
9460
9463
4556
4955
1998
6760
2415
2889
3591
8047
3967
8747
6021
9130
191
4727
4284
2537
9013
4368
3104
4488
2009
5426
8150
5344
8530
9892
3047
9014
4612
7901
5757
9284
6498
4728
458
3540
1127
2603
3482
6853
8427
1556
4420
1891
2760
6016
5995
2631
3364
6383
8778
2344
6124
7281
9362
8807
1537
6730
3066
2227
6188
2937
4780
3835
7611
7936
4040
5625
4848
9795
2924
4206
9577
7596
7856
4227
5131
5933
8936
9357
3266
8116
2855
1283
1015
9821
8025
9692
2479
7398
2986
8704
2882
7559
1702
7739
4756
7652
1844
7267
8587
8258
4631
2425
2760
2322
7345
9960
164
7528
2110
6478
1286
1152
7013
8448
6143
9102
8181
6956
9901
3365
3899
2658
9507
4584
4356
8900
1206
8975
3127
3498
1259
1317
8972
2108
4721
8217
9058
8695
9624
8381
7177
1038
6397
9108
3086
1761
4876
714
1528
7841
3752
3130
2054
4082
9784
1357
3227
8504
6636
9038
7300
132
5684
1826
3975
2136
3614
4796
4320
5815
4186
607
8451
3365
3979
7632
3065
9928
4489
9779
7419
7866
5390
2223
8857
8751
6337
9759
1459
1017
7130
7006
3934
3765
8591
2172
5321
9672
8999
8607
9616
2486
3426
850
2904
7064
5819
4404
9097
2434
6160
949
2866
835
7575
3208
868
8223
699
6199
4852
4187
5176
4073
2753
1774
612
4273
6348
158
1840
3227
6584
5655
5832
285
163
9025
107
9135
3487
9547
4978
8406
2536
8832
4477
5678
9805
9834
3308
1618
1862
9043
9669
3465
3640
2316
6288
9578
8053
7319
4510
9265
2020
8050
8793
4618
2514
9416
1443
3566
8693
2316
9936
5866
8751
2221
1671
6257
2542
6704
3509
1488
3600
9896
5912
441
6632
4331
4064
9067
9085
3160
786
4362
7877
8182
8608
4089
4894
1690
832
1470
7332
2570
3931
6574
1490
9648
6139
8602
1108
7732
9551
5814
3835
4336
5611
2288
1923
7540
6292
3251
5752
7968
5853
3189
1263
340
480
3466
4902
2577
5683
8653
2175
2921
3770
3307
8389
8042
6266
3400
2691
7601
8593
9130
8991
3237
6881
8328
9864
2443
9232
2173
2019
311
6302
7449
4441
4597
8520
2050
2790
2092
9814
2950
6152
6761
165
8374
4740
2610
1848
8369
9632
6772
6698
502
8150
752
4242
9910
961
325
3049
5407
9504
7040
129
5877
4832
6806
5744
3672
1466
3530
3449
4227
2347
8263
7733
3614
3490
6843
4084
8259
9431
1490
8834
3528
3048
4318
8621
419
5877
3249
1812
2059
7484
3283
6738
4237
5014
8602
4074
6696
6496
3465
3217
4383
4001
2382
4998
399
5245
2513
5580
4851
4742
3780
8878
6336
8079
4650
7350
5268
5431
4060
3500
764
2891
2454
6938
5327
2719
7399
4340
4016
6102
1756
2155
7348
4511
4854
4392
9630
8264
9670
349
6957
3376
1447
9612
1587
291
5746
4168
1901
598
6385
9995
9691
314
6244
2943
8974
838
6397
6276
3058
1161
1540
9703
9081
7431
2197
2250
1740
8465
6650
3810
422
8302
8081
2723
6471
9392
4886
9222
9795
2510
4633
7089
6538
1997
4630
8377
2037
7415
4571
8524
5778
5207
9238
1711
7576
6470
1710
8815
6694
9420
68
2787
8119
7643
3049
8807
2711
7743
2630
9061
458
2455
3993
4476
8537
7843
5866
8268
8407
5652
6683
8632
8664
4429
4550
434
2855
5495
1471
8238
3989
2358
4818
5512
9954
4679
1503
7364
6561
362
2818
6644
7429
1877
434
5760
2447
5408
6488
9049
9005
3908
3273
3052
2735
7676
459
4531
6972
8527
343
8572
2651
6165
4080
1622
2866
7846
4372
6801
8804
4924
2575
1335
6277
2377
709
8448
4562
9905
1316
8561
1784
5697
663
7146
3543
6449
3227
9071
4014
9745
7967
1780
1238
7383
9312
2160
822
737
8370
4431
4759
1759
2304
8905
4604
5710
2351
3955
706
4206
3449
6051
1729
9690
956
5180
1169
4907
2401
5527
97
3484
4767
3730
7841
210
253
9577
4822
2101
5991
6474
4271
3856
5691
1529
2042
3790
3673
7603
6235
8835
4267
2172
855
9713
2036
326
225
9865
805
1777
3369
4235
1948
4195
79
6499
4925
7730
2897
5842
5510
8056
1721
6857
9701
7790
256
8686
3772
8619
6034
1975
3432
8983
8207
4750
7570
4664
9857
795
4546
2109
4010
6644
1496
6857
5105
5763
9631
1879
109
1022
984
3208
6016
9061
4584
2678
2940
2622
2524
136
4521
9465
8887
9951
9865
8940
7005
9177
3739
9825
3014
7215
4231
5516
6179
9302
9603
5166
8954
8695
8553
1858
2249
4868
600
1425
3867
7588
5821
7982
586
9195
5645
4800
6856
9946
8938
1579
5568
3759
80
1738
8877
4192
8274
5811
9544
3023
9787
9533
5759
6252
7352
7725
4925
4882
3444
7560
4361
321
6656
7302
9399
6740
2888
9131
1846
5247
5565
7119
4270
7205
1615
3975
8088
6545
2411
2643
5922
3419
1403
1342
1193
4031
2662
3152
412
4000
7051
3735
6158
5085
5234
3277
1183
7625
9259
1265
6643
3539
6919
5167
9900
7221
5616
6632
9877
4186
4947
1285
424
9795
9727
729
4682
2920
7672
7826
5892
1879
8457
8874
2630
2494
3375
8757
8938
608
7301
7666
2315
3911
7201
489
5032
416
3882
2462
6758
3431
6218
7167
8942
5363
9569
5486
3937
5212
2599
6589
4327
7082
9229
4559
432
9569
4931
6749
6450
8354
9090
2453
8211
6861
7648
3005
8018
2307
2745
6873
4527
7004
8591
5872
8150
7242
5268
1060
4945
4608
4693
9439
4460
7079
5462
5026
9499
9735
5783
415
8280
7433
6229
7403
1963
4291
6523
7791
2993
7316
3068
7931
2258
4034
6464
3141
5502
6454
695
557
1980
6213
8236
1532
818
8245
7787
7168
3047
2826
3846
3074
9776
8324
9856
1949
9481
9511
9123
5082
9873
8772
246
6358
2310
58
6267
4872
9235
7932
9251
4736
7593
6540
4539
3180
3707
5862
1362
536
7574
5080
9066
8202
7063
5410
638
3178
4960
7237
7777
266
4354
8910
4204
5530
321
7017
6459
7118
8366
510
3871
2014
2618
3508
1945
9849
9213
4119
5879
7335
2860
9143
3417
9431
7050
6980
8774
5836
873
3591
1843
3888
7916
8872
9399
1483
5209
3260
7534
6089
2694
6933
7018
8465
6171
6441
5831
2164
9206
6110
5561
2426
1964
4067
908
548
7426
5230
3995
2324
7976
6100
7712
1652
7816
8705
4819
2906
9177
3541
2014
8151
2798
3849
689
7817
5646
6071
8601
5904
1337
3835
9161
3329
1228
5309
7578
5498
6661
6264
5561
2699
5306
3698
8805
4415
7097
7363
3983
1145
7706
9022
4454
9826
39
1814
6411
1456
6723
4536
9693
2006
9036
8203
9964
218
276
4733
1497
8380
4007
88
2265
4675
181
6727
5576
8192
4580
2706
4942
204
9560
7269
1439
7792
6561
5290
5242
8423
3359
5379
5576
6562
1517
9026
5786
5923
2010
609
2765
3452
9497
619
2433
3621
8201
6934
5508
4152
4869
1500
277
6740
6783
2256
1586
8885
5286
2644
7772
5417
7795
3549
9749
821
3773
5023
8975
5933
2616
7615
3516
5126
3945
5677
3917
2564
3246
7470
3116
8624
8348
9419
7101
70
4702
4363
5544
95
9919
6151
4121
6793
551
5404
2743
1188
6578
3820
6409
8389
1562
6832
7913
7971
8947
6990
4107
2187
7477
2896
9949
3090
1183
1040
7060
2165
1923
375
5992
8569
4946
1990
3942
4560
431
8706
2120
9225
6491
1949
9498
4092
1594
5749
2152
6713
6879
191
9918
827
1339
9178
4582
4189
5320
9850
6328
7653
335
3485
7641
1611
5635
249
6418
8385
4518
2622
2475
1649
5848
4849
4184
6497
8741
8263
4459
6233
900
4819
7799
4480
3555
3686
2627
3718
8489
8238
5612
3817
5108
3290
7232
6681
8034
4921
264
5591
8177
7729
5431
333
2768
6864
938
1717
2315
4674
5090
1569
4948
4321
3732
6797
1131
5200
6722
8628
4198
7504
150
597
4693
5797
3539
1394
8974
3905
3724
1157
5054
6008
9645
2308
1152
1245
4765
8520
4906
1691
6336
7915
3744
6050
3228
9085
9354
3903
6539
1027
1739
7851
9712
590
821
3414
7367
3523
6064
9006
4578
7720
7077
845
804
9760
680
148
5199
8330
2387
2426
2517
621
2790
1263
1329
307
1791
1385
8782
8180
6183
8389
8597
9050
8507
4961
1550
996
7698
5935
132
5570
4455
7035
1627
32
6815
4637
6307
5228
3913
6401
9982
5195
8368
5126
2609
7085
294
645
7184
2508
8383
7134
5639
3884
6044
5659
956
1899
3049
4312
7227
2656
5677
778
1863
5622
802
4681
6686
5951
1919
9543
7116
7299
7543
6710
1174
3693
4991
6085
2511
1586
4975
1009
4199
5657
5009
7139
2484
4471
2072
7659
2233
4582
7514
9679
8293
4185
9666
9156
9464
9893
2120
4183
4332
2751
8160
8991
660
2064
4295
3514
2560
8149
8374
5843
2172
7593
260
7436
5061
7110
5504
3408
1053
4608
5020
2752
4730
8533
6212
5845
2301
9104
3516
9061
4075
7528
8847
8854
4234
1787
4899
147
2158
86
6777
6371
1984
5567
9933
993
9651
8370
4860
2894
9120
3652
1528
415
2016
6633
9029
1435
7389
8288
8385
9322
821
7761
9010
7088
4596
107
1777
4607
3165
443
4163
6234
592
8114
5450
8658
9243
6960
2440
1362
1397
286
8653
4492
8028
1609
2485
1520
1451
4808
2287
6517
1077
9738
8840
8389
3976
1925
8185
6922
4470
7421
290
7979
9483
6424
1511
7686
8861
1747
1324
7960
2383
739
6291
8215
7670
1741
6731
602
5739
8682
4065
8605
3384
9902
9306
1360
4136
9797
5660
8526
1996
4378
699
3062
4677
4343
6098
1738
5561
1752
5373
5743
6102
8897
2620
6223
2880
465
7697
2088
6038
2585
5840
9949
8310
4855
2161
8508
6367
3939
4020
2260
8695
9829
6714
1841
6724
8375
475
880
8427
6154
9229
1674
6114
6302
4098
4557
2627
6374
7098
8290
2666
1848
3017
1320
8458
1353
9937
6250
1495
2219
1364
2370
4552
7445
5436
3584
706
7678
9185
1586
8576
4288
8316
6619
5509
2151
5466
668
2910
3216
2425
429
468
4457
4281
9894
8459
6308
5948
4906
9874
164
4073
4509
6582
6053
9750
6463
6236
4067
57
6736
9157
5644
8839
5354
6906
3300
9744
3413
6761
9897
6956
8629
8825
1057
1598
9254
4977
6790
4291
8703
1391
956
6808
5738
8831
9635
8323
7556
7459
2014
4195
5616
5350
9871
7783
6559
2459
4257
8236
3054
4241
478
9745
1924
1645
4946
217
9389
6708
24
9841
5774
5463
5434
2514
4520
2378
7332
5601
2848
3049
8647
5990
3917
4363
6771
2916
2820
3851
7191
524
1259
2444
4176
5631
8250
7370
2080
8667
6694
4378
3392
8257
8161
1040
2092
2414
729
5332
3438
1812
7232
6215
3749
3109
3739
5441
6303
2787
630
2295
1925
4474
1104
5495
5365
5233
4454
8973
1072
8757
3971
744
4431
5978
1808
6601
7082
6014
5643
2832
7405
2966
4505
4693
9761
6506
3586
9856
8585
6725
389
8539
5936
6233
7069
4550
3576
4950
6284
3956
3190
5580
427
596
836
224
6567
159
4212
1100
1945
7051
3843
855
7370
753
1778
411
8368
912
3888
4842
6402
2859
4362
227
5043
7796
3494
6964
8399
4356
2358
7508
1677
753
457
8997
6199
9256
4944
3741
3726
7191
2515
3048
7438
1196
7554
2338
9403
3945
2641
8029
6880
5063
9993
9165
2318
452
4962
9238
4362
6737
5157
6195
9741
66
1300
1080
8366
965
8398
8287
6483
9487
8341
2901
5225
7353
7498
3082
4414
6322
5428
7961
3942
4491
3278
4038
7595
4767
2979
5516
6641
2199
825
6577
3044
9419
1529
6037
4641
1893
1352
7367
7119
7204
1399
9548
154
5088
4675
6718
7531
7441
2991
7092
3612
15
2320
4116
981
22
7699
5323
6614
6368
1254
6870
6421
1724
9462
4214
500
8175
8237
1894
3944
638
6923
7903
553
4794
4806
604
9290
8732
6226
8659
5819
35
2882
6952
3986
2530
4435
3964
4561
9405
994
8572
1110
1928
3575
6737
5328
5479
1141
1060
6673
7118
5300
8666
3658
1398
6269
5379
6632
3655
6187
6678
4402
2486
8378
8380
9531
5634
3653
2529
9671
6002
7251
6462
4756
7006
2500
5514
2413
9005
9810
2341
6427
1002
2078
8312
5610
4355
98
4961
2907
7702
4084
5949
7102
4832
9882
2515
1940
9709
978
7885
39
5380
9887
8599
1411
5966
5023
3235
8952
3482
1645
1492
5736
3682
7957
9103
1456
7655
9983
6553
7869
8397
1283
2050
5569
4068
6124
1753
6944
2161
7189
2684
2665
1293
1420
6327
1533
9847
90
3370
6048
3172
1703
2549
8532
3578
8796
9079
5151
9816
2270
635
7679
5294
9306
1344
5358
6723
3489
6772
1681
7427
8223
5355
3456
2027
7025
4268
1985
1718
6801
171
8709
1868
2697
7831
158
6144
5610
2062
9554
3889
5963
972
4903
9978
9831
973
5931
8854
6019
6529
4694
6976
5172
112
7226
397
4532
325
6038
6682
4412
8670
5849
2894
4999
7937
7359
3863
4569
7655
6432
7456
2720
4608
8516
6067
4694
8859
656
6050
5411
8266
5934
9307
4285
6950
7693
3751
4429
5684
3368
1871
2336
4683
289
9105
6633
1748
8289
6251
7000
1243
6458
2629
6856
1869
3897
9209
5884
3709
6807
3434
1020
7504
6757
9952
6967
1642
7484
3967
9860
4811
58
6448
143
4803
8758
2887
3282
6425
2507
9855
9386
3991
9210
6053
5343
6362
2832
7082
5550
5007
5564
5656
9856
8045
9924
1472
9780
5745
8131
7456
6622
5455
8598
1608
7556
6409
1888
6158
8285
7412
979
8252
3367
2847
3174
8904
7808
4976
3513
9399
5995
3022
2014
6901
6587
1972
9605
3461
4440
6598
72
5159
3174
8644
7882
579
4460
7657
4220
367
2636
8434
6076
2053
5738
538
5740
6888
6536
7881
538
7901
9678
8801
5151
882
3534
9651
1375
2545
7822
7319
2651
2547
625
8689
3212
8617
890
7488
4198
6494
4987
1494
1576
8896
8451
5575
3207
244
6466
8526
4912
6360
9216
4176
7873
846
678
9728
2215
2378
1955
6807
4119
9625
2746
3181
6296
3012
7041
5622
4177
5051
1646
6882
2665
3453
8614
2248
779
3740
5195
3645
4046
582
7381
1756
6985
9570
5654
9130
512
3648
4027
9745
1633
927
5959
2993
5247
3083
3263
2559
413
6081
6575
3164
5932
7429
8492
629
2564
6678
2976
3251
1757
8402
7100
4935
3199
9361
3754
3067
6061
4075
6379
6595
1257
5520
9347
2279
4586
181
64
9585
3073
9157
1394
7190
9374
9556
5505
6572
1581
2888
2717
639
8269
9687
1460
7885
1134
2061
7925
5028
60
8406
6510
3601
7959
7001
4646
8475
5240
7690
8105
8761
6227
3385
5381
4091
2394
5600
2231
1710
9750
735
9984
2384
210
6336
3700
5562
9313
9039
8772
6784
5116
8424
7076
2788
5616
3499
6249
2296
4541
1023
8207
2935
7852
7401
5466
7278
5802
8357
6401
3461
7902
3112
2999
8344
618
2277
7219
3702
167
1197
4556
8388
5242
2941
5887
1963
7010
7674
1207
7741
6228
7625
1343
5732
9831
9373
6239
8445
1814
7657
907
5019
5772
7444
2638
1657
8934
3472
5569
8821
33
8970
1192
8174
5857
7800
5911
4713
3828
6716
9224
2089
447
6973
8647
1561
7956
7000
9945
7566
4050
357
3793
5365
2000
5689
2437
8742
1006
7912
2461
8220
9153
2321
2255
2756
3785
5876
5272
407
6665
2349
2663
5900
3749
573
1405
5611
1921
7512
6485
2897
7540
348
8262
9257
4134
4335
8584
9302
9089
5620
1759
9976
1676
747
8973
7032
7257
7075
7250
4195
5023
825
6543
3016
9092
1966
1062
3853
5329
7671
3415
974
8717
8551
2670
7237
8629
4401
9927
6317
1845
8652
7487
2953
5658
3274
232
4178
5911
8334
281
7009
7307
2930
8537
559
5839
6721
9218
3037
5688
3768
5951
6615
5422
2921
534
5626
843
1438
7968
6052
4339
1092
3823
6791
3061
8461
2574
5652
791
3622
7957
5561
831
3981
8977
8934
9761
2438
7630
697
4414
1629
6960
2921
6902
8440
524
6527
5045
5526
6866
8050
8046
9058
5102
1914
9753
4397
196
1196
4347
3939
9029
2346
1815
3823
849
1825
3036
8752
8211
5148
6828
6609
6971
1271
3810
7124
6465
7826
4405
1280
3436
5139
846
698
5814
9528
5507
8704
4953
8831
435
7315
7399
5637
5385
6837
9798
6200
4244
7325
3029
5484
2156
3594
4165
1328
8205
8020
7343
3187
1004
7844
7150
3424
7023
6191
607
1618
4005
8534
6356
4858
4316
8813
2131
9493
5571
1932
4122
2306
8376
1853
4310
1582
3532
7001
4380
1034
3553
7205
7295
2058
5826
8892
135
2295
7271
7748
4284
952
2832
569
1570
3862
2661
526
7441
3749
5314
2549
4777
3672
6826
8062
4436
4101
7996
780
1112
6614
4725
7790
5619
9668
8763
2633
7176
4422
8687
9610
1806
1078
3482
1024
5420
8707
3544
1579
2703
4026
6456
6660
5376
7109
7397
3710
5944
4480
6494
8411
5512
2574
8001
9913
6764
7025
8611
1804
5712
5754
4776
8052
8287
6327
1354
5646
384
540
6445
8128
2447
1723
9750
6770
2186
2708
4295
8585
1529
4938
3879
2905
6387
1700
1063
747
341
920
3076
3673
5841
5525
5450
1378
9001
1808
5754
9711
6598
8788
2254
3360
6359
4023
4851
9913
4133
3841
8136
4507
4041
8478
8908
6805
200
5060
3003
4495
1112
3926
8767
43
313
6247
7024
9923
9375
3415
9892
8027
1853
1161
3262
7494
9283
3886
323
7654
2797
7164
5938
5328
6486
8883
4247
2186
1072
2004
4318
2391
9000
4396
1200
7244
4540
3716
2224
6054
4994
7821
887
4935
1599
3647
3171
7780
1216
58
3636
6093
2415
2611
1129
6931
2028
717
6467
652
779
163
6910
2699
9080
6463
4798
6140
6585
7008
178
4169
1600
2481
9763
4305
8938
519
7086
8498
7314
7063
1164
5857
9880
3398
3542
7229
3985
9325
6045
3339
8753
5449
4089
718
1586
45
2891
2125
7171
8478
6422
698
5090
5632
1451
9540
4631
4329
1521
962
7888
5209
8191
2106
4743
6024
9415
6167
5833
834
7365
916
2082
2053
571
8774
1907
838
7712
5124
9674
3767
2898
4102
1516
6289
4787
3572
7095
5910
4392
3513
8405
581
8905
4532
9208
268
1394
5722
1203
2152
8716
3581
5512
2452
2476
6227
589
321
404
9594
129
1794
7955
4872
7089
4253
2515
8866
2404
4377
5027
1527
9490
5051
6400
7357
8138
9190
8531
9900
3883
968
2294
1066
1444
7400
7335
9467
3334
5752
1014
4524
7226
4758
6347
5532
8175
102
1282
7418
4286
7127
4155
7411
6922
6266
2676
9334
9051
9131
6282
4742
7817
5753
4202
2630
9935
5934
4079
1916
1000
172
8496
3432
2312
8144
9236
635
1296
5198
1645
755
4126
9838
3914
601
1638
7660
8641
3748
2122
9715
6512
8317
7107
5759
4448
7067
8698
5373
3051
4026
9601
2405
709
4369
9389
714
4188
6769
3130
1683
8066
9936
968
6467
7848
7566
9730
8444
4107
8416
182
3844
7492
726
6007
1018
6947
2701
3104
1316
5998
3283
309
7052
4421
9918
5115
4513
5177
2549
512
2481
8911
5550
1508
9256
907
1805
2446
3613
7795
5685
8717
7706
3897
4102
8931
2344
9521
7387
6179
7643
6071
4200
9449
4499
5304
7190
8807
4866
2582
8625
434
1297
6457
7717
100
8724
9447
3850
6193
3942
7330
2434
5871
765
6811
2609
449
1333
3895
8512
8605
6516
7831
8326
8505
911
7937
7830
2436
381
3189
7674
41
2617
6882
6091
8756
3675
1230
1263
2531
5986
9245
72
2444
5771
3722
2442
5285
362
5705
2993
8720
8379
7243
4237
4117
8235
5805
8014
629
2947
191
4409
6639
1707
273
9854
7142
1193
5426
8637
8178
2084
8976
4541
1891
8752
8527
1827
8321
2589
4489
7280
2520
1955
1678
7543
8080
4199
1299
8448
671
7733
3186
5571
7686
4617
625
7721
2582
6642
2609
7598
5008
355
870
6313
324
9018
1525
1021
4595
1952
3695
7351
3656
4251
9916
884
7346
2314
5717
4371
2500
3190
8178
9933
798
8177
5834
7938
53
3669
4760
6800
50
4699
8176
392
6512
9161
9426
2314
9302
3173
673
8720
3435
553
2140
3932
4023
1869
9262
5552
8715
1050
7578
8299
3748
9997
7708
8282
2192
4201
5267
1932
5491
4797
3051
6313
1880
5054
5343
26
7790
1753
6683
6429
820
4429
9941
3390
5376
7938
1046
6292
4568
6326
204
3506
4464
8470
1958
6061
9291
8447
8924
5712
8673
6111
6559
8141
507
5850
8796
507
5567
3975
6889
5051
2432
7729
6315
2992
3825
1372
9084
5421
7967
7314
1279
420
1031
2770
8201
8115
9298
4896
1929
7889
2096
9886
8670
4475
9131
3986
5713
2141
8297
6903
363
8692
2547
584
5667
3502
6947
8807
298
6304
9477
5589
2433
5940
1690
2850
9962
815
7816
321
1891
5245
3413
3147
8258
8443
7146
5177
8425
5341
1797
8383
81
988
3096
1405
3804
2719
7476
2658
518
6834
2321
6008
1700
8995
4838
9449
4671
62
8107
9773
7821
1592
5438
8701
3106
7704
6601
8421
5671
2553
2043
7042
2928
5108
3670
6885
7943
5470
3300
1123
4479
9437
2376
6710
3525
545
9028
4082
3665
1291
1087
6587
137
7773
6136
5134
9903
4451
2202
5998
2598
8252
5167
2286
9693
3749
1512
1998
6706
3613
7466
8179
5822
1070
8176
9115
8754
3583
2970
9048
2187
9466
5328
2377
665
1664
8632
6816
4242
5405
1310
3468
756
8946
7457
4307
5072
9143
1523
1
120
6040
8175
3586
7095
3221
910
7923
4643
3131
5531
7427
9386
9082
7061
7040
2637
8170
1206
3896
624
1820
3945
9672
8103
3175
5357
4073
7667
3051
6262
2430
9620
8671
8785
2886
9752
1909
4426
1116
4852
6245
5732
3081
8318
4166
171
8753
688
9228
7294
2307
2457
9481
2780
6734
9004
1508
5466
3337
9987
6765
5941
9104
8047
4461
7811
7399
4152
7685
5226
9959
9449
2009
2752
651
5943
8278
6200
3974
864
3807
5489
3761
2054
8704
3147
56
4228
6546
4542
4631
8448
1110
8431
8121
9647
3392
8924
4230
9562
5630
2469
8995
4907
1542
5925
5561
3131
4507
4345
7444
614
7906
9539
5752
633
4337
3033
8325
952
2922
9498
1271
3368
6440
9257
5862
73
2480
950
6262
4155
5357
7970
6051
4105
7990
4743
4016
4655
5473
1461
2185
8794
4558
8349
1555
8322
5758
3080
3507
2759
7300
7403
7351
8977
2642
1602
6990
6385
5773
7873
2162
5009
1012
6201
2234
6330
6534
8853
3002
9195
3329
2058
9498
5667
3823
5981
226
4151
6877
6589
850
9638
8375
5481
7748
3408
9135
6305
4446
7048
4347
8832
6377
8110
1269
4290
1931
7274
4384
8058
287
9338
9757
8303
8967
2901
2796
1653
6604
6059
6136
9515
8883
7983
6873
1115
8120
8700
4866
1861
9457
1934
6312
8122
9134
8349
9335
2019
2814
9035
782
2318
4419
1578
5974
19
8457
3571
5601
9737
1306
891
6506
471
9416
598
5552
1843
4906
800
8316
4420
1526
2322
6809
5196
6444
9524
2948
1830
5833
117
7001
1749
4727
6313
2723
4685
4115
2159
3395
9765
733
4397
5491
724
7540
6688
9200
5357
5327
9559
7497
7790
8442
895
8008
4661
97
4338
4377
8819
5219
5432
6346
6623
1323
7849
283
7438
368
4552
4363
6422
7067
1234
5127
4199
1630
1869
4638
9510
7384
8737
9951
3435
6272
1744
9113
6283
7665
4402
423
738
8487
6297
4153
7369
5100
4397
8463
1068
9924
8044
3726
9551
8270
4966
1980
7477
3338
8161
718
2307
9861
5998
2752
474
9365
366
6359
4981
2501
231
2419
7997
6431
435
7788
4570
7730
8076
6600
6023
3775
1335
3733
4150
8086
8061
7146
9796
7599
3990
8320
1912
2321
2913
2506
5684
353
3664
3009
833
3740
1250
6226
3661
3127
1975
6649
8970
1669
4909
3567
408
1190
4530
3664
375
6040
1897
6255
3048
2632
4189
360
6642
5110
4959
5349
3497
146
9947
9362
9071
6299
5785
2239
3451
5933
1454
2167
1463
153
4827
7765
9984
9723
9143
9832
3537
7439
6754
9466
1782
9932
9996
1783
4975
9355
1521
6949
6002
7939
8932
2744
86
872
1073
5384
5745
5486
5814
7801
3105
7199
1667
7128
8166
5207
8092
5581
4104
3370
1821
1471
3206
4280
9058
9564
5540
6964
5887
2504
2943
1205
1739
7515
9423
3940
3255
5117
1576
5706
8403
9044
5104
7605
3171
9121
6029
1757
5701
1285
7699
702
5192
1492
7180
3735
5425
2712
7127
626
5254
6745
1722
5701
896
5066
7783
7761
7378
5426
4635
3794
8976
3418
8827
6952
989
738
2300
1769
7703
4350
5102
2085
3868
3282
6224
9640
9556
2265
8679
3810
725
3933
7396
5462
339
3818
1026
377
7397
4832
1269
233
3693
479
5796
1600
677
8508
3367
5922
1235
9214
2250
5951
3757
5128
5511
6617
8315
1293
9297
771
7307
7862
2678
2808
5408
9223
164
5609
6171
6383
480
8786
5123
1812
7689
8693
1695
8489
3270
3173
4839
7345
234
6513
9671
9844
2873
2569
4971
4897
8237
6539
3915
1854
7939
8337
2849
3767
1370
3061
5467
7663
3927
6498
2237
1034
6341
6153
7411
6269
3708
762
8468
7243
5305
3763
5329
4778
8796
8683
9201
211
4911
6929
3371
8766
1204
930
815
6964
5970
8116
5957
784
5925
3693
417
3793
3743
2685
5101
6971
4034
4212
3475
4438
8867
3478
3358
1809
6424
9425
7088
6397
8890
8537
2402
984
8157
7749
8867
5361
446
1942
7221
2390
3445
3981
1447
7768
2042
7775
5944
5247
1260
7324
2625
1494
7481
7213
5290
7346
1557
2543
1122
4652
9899
8739
1641
425
2135
4237
7969
2536
6439
1484
7743
3657
6116
4248
3520
2671
3542
1692
5027
5278
52
2182
85
8003
2864
2307
1562
2332
2649
9065
197
8201
7818
5694
5628
8538
4133
4119
494
9098
744
9472
4914
291
6222
4665
1234
243
703
5482
1343
781
2732
9151
1431
590
1891
1878
1520
2238
815
3302
9614
2302
2686
8340
2810
6304
2804
9400
218
2687
5313
4414
5033
2532
8701
8683
5594
4257
6140
977
7790
5001
9281
6878
3643
2912
6592
4827
3414
7068
9820
2846
1082
4243
4697
6399
5538
4235
4453
366
2328
7975
7254
602
3303
5148
1152
3034
4011
519
2625
787
1176
715
7334
2289
5110
5655
4152
5835
4400
1357
6091
8569
2715
3345
4201
371
71
2372
3045
5587
3413
6666
8832
8107
3834
7439
3826
7731
302
6862
3088
8304
2210
232
2182