0 
1 
1 
10 
10 
100 
100 
101 
101 
104 
104 
104 
105 
107 
11 
11 
110 
110 
111 
111 
113 
114 
115 
115 
118 
119 
120 
121 
121 
121 
122 
122 
123 
123 
125 
125 
126 
127 
127 
127 
128 
128 
130 
130 
130 
132 
133 
135 
136 
137 
138 
138 
139 
139 
139 
14 
140 
140 
141 
141 
143 
143 
144 
145 
145 
145 
145 
146 
148 
148 
151 
153 
154 
157 
159 
16 
160 
160 
161 
161 
161 
162 
164 
166 
167 
168 
168 
169 
17 
17 
170 
170 
171 
171 
173 
173 
174 
174 
174 
176 
178 
179 
18 
18 
180 
181 
183 
183 
185 
186 
186 
187 
190 
191 
193 
193 
194 
195 
196 
197 
197 
199 
2 
200 
200 
201 
201 
201 
203 
205 
205 
205 
208 
21 
210 
211 
211 
212 
212 
213 
213 
214 
216 
216 
219 
220 
221 
221 
221 
222 
222 
227 
229 
23 
230 
230 
230 
231 
232 
232 
233 
236 
237 
237 
239 
24 
24 
240 
243 
244 
244 
244 
244 
244 
246 
246 
247 
249 
249 
249 
249 
250 
250 
250 
251 
252 
252 
252 
254 
254 
254 
256 
26 
26 
260 
263 
263 
263 
264 
264 
265 
265 
266 
266 
267 
268 
269 
27 
27 
271 
271 
271 
273 
274 
275 
275 
276 
277 
279 
28 
28 
28 
280 
283 
285 
285 
286 
287 
287 
288 
289 
293 
294 
294 
295 
295 
299 
30 
30 
300 
301 
302 
302 
303 
304 
306 
306 
306 
306 
308 
309 
310 
312 
312 
313 
315 
316 
316 
316 
316 
319 
319 
321 
323 
325 
327 
327 
327 
329 
33 
33 
330 
333 
333 
334 
334 
335 
335 
336 
336 
337 
339 
339 
340 
342 
343 
343 
344 
345 
350 
350 
350 
350 
353 
354 
356 
356 
356 
358 
358 
359 
36 
365 
366 
367 
368 
37 
37 
370 
371 
371 
372 
372 
372 
372 
375 
377 
38 
38 
38 
38 
38 
382 
382 
384 
384 
384 
385 
385 
387 
388 
388 
389 
39 
390 
391 
392 
394 
394 
394 
395 
396 
398 
4 
400 
400 
401 
402 
403 
403 
404 
406 
406 
407 
408 
408 
408 
409 
409 
410 
411 
412 
412 
414 
415 
417 
420 
424 
424 
426 
429 
43 
43 
430 
432 
432 
433 
433 
434 
434 
435 
435 
436 
436 
437 
437 
439 
439 
439 
439 
440 
441 
441 
441 
442 
442 
443 
443 
444 
444 
444 
445 
446 
447 
447 
449 
449 
45 
45 
45 
450 
450 
450 
450 
452 
452 
453 
454 
454 
454 
455 
457 
457 
458 
46 
460 
460 
460 
463 
465 
465 
465 
465 
465 
468 
469 
469 
47 
471 
472 
473 
477 
478 
48 
480 
481 
481 
481 
481 
482 
482 
483 
483 
483 
487 
487 
487 
488 
488 
489 
489 
492 
493 
494 
494 
495 
495 
496 
496 
496 
497 
497 
498 
50 
50 
50 
50 
500 
501 
501 
503 
503 
505 
507 
508 
512 
513 
518 
519 
519 
52 
52 
520 
520 
521 
522 
522 
523 
524 
525 
527 
528 
530 
530 
531 
531 
532 
533 
534 
535 
535 
535 
535 
536 
538 
540 
541 
541 
541 
544 
545 
545 
545 
546 
546 
547 
548 
55 
550 
551 
551 
551 
551 
551 
552 
555 
556 
557 
558 
559 
560 
560 
561 
563 
565 
569 
57 
571 
571 
572 
573 
573 
574 
574 
575 
575 
576 
576 
578 
578 
579 
58 
58 
58 
580 
582 
583 
584 
585 
587 
587 
589 
591 
591 
592 
594 
594 
595 
597 
598 
599 
599 
599 
60 
600 
600 
602 
603 
604 
606 
606 
606 
612 
612 
613 
613 
615 
616 
617 
618 
618 
618 
620 
621 
622 
623 
625 
626 
627 
627 
628 
628 
631 
633 
633 
637 
638 
638 
645 
645 
648 
648 
648 
651 
651 
652 
652 
655 
655 
656 
657 
658 
660 
662 
664 
664 
665 
666 
666 
671 
671 
673 
673 
674 
674 
674 
674 
674 
674 
676 
676 
676 
679 
68 
680 
680 
682 
682 
682 
684 
685 
685 
687 
687 
689 
692 
693 
694 
697 
698 
698 
698 
698 
698 
699 
699 
70 
701 
704 
704 
705 
706 
707 
707 
707 
708 
710 
710 
713 
715 
716 
719 
72 
721 
723 
723 
727 
727 
729 
730 
731 
732 
733 
734 
734 
734 
735 
737 
737 
738 
739 
744 
745 
746 
75 
750 
751 
754 
754 
755 
756 
758 
758 
758 
761 
761 
761 
761 
762 
762 
762 
763 
765 
765 
767 
768 
77 
77 
77 
77 
770 
770 
772 
772 
773 
776 
777 
779 
779 
780 
782 
784 
784 
785 
786 
786 
787 
787 
788 
789 
789 
794 
799 
801 
801 
801 
804 
807 
809 
809 
809 
81 
812 
812 
815 
816 
817 
818 
818 
818 
819 
819 
82 
82 
820 
820 
821 
823 
823 
824 
824 
824 
825 
827 
828 
828 
83 
830 
832 
833 
834 
835 
836 
838 
838 
84 
840 
840 
842 
842 
843 
843 
844 
844 
845 
847 
847 
847 
848 
848 
849 
851 
851 
853 
854 
854 
855 
855 
855 
857 
858 
858 
86 
86 
861 
861 
862 
862 
863 
863 
864 
864 
864 
865 
868 
869 
87 
87 
871 
872 
872 
874 
874 
874 
875 
875 
877 
878 
878 
878 
879 
882 
883 
883 
885 
886 
887 
888 
888 
888 
888 
888 
889 
889 
892 
892 
895 
895 
895 
895 
896 
896 
896 
898 
899 
9 
9 
90 
905 
905 
906 
906 
907 
907 
907 
91 
910 
911 
913 
915 
915 
917 
92 
92 
920 
921 
921 
922 
923 
925 
925 
927 
929 
929 
93 
930 
930 
930 
931 
931 
931 
933 
933 
933 
936 
937 
939 
939 
940 
941 
942 
944 
945 
945 
947 
948 
951 
951 
952 
952 
953 
954 
955 
955 
957 
957 
957 
958 
960 
961 
961 
961 
961 
962 
962 
966 
966 
967 
968 
969 
969 
97 
97 
970 
971 
971 
971 
972 
973 
973 
977 
977 
977 
977 
977 
978 
979 
98 
98 
98 
980 
982 
982 
982 
983 
986 
986 
99 
99 
991 
992 
994 
995 
996 
996 
996 
997 
998 
999 
999 
