0 
1 
10 
10 
10 
100 
100 
1000 
1000 
1001 
1002 
1004 
1005 
1006 
1006 
1009 
1009 
101 
1012 
1012 
1013 
1014 
1015 
1017 
1018 
1019 
102 
1020 
1020 
1020 
1021 
1021 
1022 
1022 
1023 
1024 
1026 
1026 
1027 
1028 
1029 
1031 
1034 
1034 
1036 
1038 
1038 
104 
1040 
1040 
1044 
1045 
1046 
1047 
1048 
1049 
105 
1050 
1052 
1052 
1053 
1056 
1057 
1059 
1059 
106 
106 
106 
106 
1060 
1060 
1062 
1062 
1062 
1062 
1063 
1064 
1065 
1066 
1066 
1068 
1069 
1069 
107 
107 
1070 
1071 
1072 
1072 
1073 
1074 
1075 
1077 
1077 
1078 
1080 
1081 
1082 
1084 
1084 
1086 
1087 
1089 
1089 
1089 
109 
109 
1090 
1092 
1092 
1092 
1093 
1096 
1098 
11 
110 
1100 
1102 
1102 
1103 
1104 
1104 
1104 
1107 
1108 
1109 
1110 
1110 
1112 
1112 
1112 
1115 
1115 
1115 
1116 
1117 
1118 
1119 
112 
112 
1121 
1122 
1123 
1124 
1125 
1126 
1127 
1129 
113 
1130 
1131 
1132 
1134 
1134 
1138 
1139 
114 
1140 
1141 
1142 
1143 
1145 
1148 
1152 
1152 
1152 
1152 
1155 
1157 
1158 
1160 
1161 
1161 
1163 
1164 
1166 
1167 
1169 
117 
1170 
1171 
1172 
1174 
1176 
1176 
1176 
1178 
1179 
1181 
1183 
1183 
1183 
1185 
1187 
1188 
1190 
1191 
1192 
1192 
1192 
1192 
1193 
1193 
1196 
1196 
1196 
1197 
1198 
120 
1200 
1201 
1201 
1203 
1204 
1205 
1206 
1206 
1206 
1206 
1207 
1207 
1209 
1210 
1210 
1216 
1218 
1218 
122 
122 
1221 
1222 
1223 
1223 
1228 
1229 
1229 
1230 
1232 
1234 
1234 
1234 
1234 
1235 
1235 
1236 
1238 
1238 
124 
1240 
1241 
1243 
1244 
1245 
1246 
1246 
1247 
1250 
1252 
1253 
1254 
1254 
1254 
1255 
1257 
1258 
1259 
1259 
1259 
1260 
1260 
1260 
1261 
1262 
1263 
1263 
1263 
1263 
1265 
1265 
1267 
1268 
1268 
1269 
1269 
127 
1271 
1271 
1271 
1271 
1273 
1274 
1279 
1279 
1280 
1282 
1283 
1283 
1283 
1283 
1285 
1285 
1286 
129 
129 
1290 
1291 
1291 
1292 
1293 
1293 
1293 
1293 
1294 
1294 
1296 
1297 
1299 
1299 
1300 
1300 
1301 
1306 
1308 
1309 
1309 
1310 
1311 
1311 
1311 
1313 
1316 
1316 
1317 
132 
132 
132 
132 
132 
132 
1320 
1320 
1323 
1323 
1324 
1324 
1324 
1326 
1326 
1328 
1329 
1331 
1331 
1332 
1333 
1333 
1335 
1335 
1336 
1337 
1337 
1339 
1339 
1340 
1341 
1342 
1342 
1343 
1343 
1343 
1344 
135 
135 
1350 
1350 
1351 
1352 
1353 
1353 
1354 
1354 
1354 
1356 
1357 
1357 
136 
1360 
1360 
1362 
1362 
1364 
1364 
1365 
1367 
1369 
137 
1370 
1370 
1372 
1375 
1375 
1377 
1378 
1378 
1379 
1380 
1380 
1385 
1386 
1387 
1390 
1390 
1391 
1393 
1394 
1394 
1394 
1396 
1397 
1398 
1398 
1398 
1399 
1399 
14 
1400 
1403 
1405 
1405 
1408 
141 
1411 
1416 
1418 
1419 
1419 
1420 
1420 
1425 
1425 
1426 
1428 
1428 
1428 
1428 
1429 
143 
143 
1431 
1432 
1432 
1434 
1434 
1435 
1435 
1435 
1438 
1439 
144 
1441 
1441 
1443 
1444 
1444 
1445 
1445 
1446 
1447 
1447 
1448 
145 
145 
1451 
1451 
1451 
1452 
1453 
1454 
1455 
1456 
1456 
1459 
1459 
146 
1460 
1460 
1461 
1462 
1462 
1463 
1466 
1466 
1467 
1467 
1469 
147 
147 
147 
1470 
1471 
1471 
1471 
1472 
1473 
1477 
1478 
148 
1480 
1481 
1483 
1484 
1487 
1488 
1488 
149 
1490 
1490 
1491 
1492 
1492 
1494 
1494 
1495 
1496 
1497 
1499 
15 
150 
1500 
1501 
1501 
1502 
1503 
1503 
1504 
1505 
1507 
1508 
1508 
151 
151 
1510 
1511 
1512 
1513 
1513 
1513 
1513 
1516 
1517 
1517 
1517 
1518 
1518 
1519 
152 
1520 
1520 
1521 
1521 
1521 
1521 
1523 
1525 
1526 
1526 
1527 
1528 
1528 
1529 
1529 
1529 
153 
153 
1532 
1532 
1532 
1533 
1533 
1536 
1537 
1537 
154 
154 
154 
1540 
1541 
1542 
1543 
1546 
1547 
1547 
1550 
1552 
1552 
1555 
1556 
1557 
1557 
1558 
156 
1560 
1561 
1562 
1562 
1562 
1566 
1569 
1569 
157 
1570 
1570 
1573 
1576 
1576 
1576 
1576 
1578 
1578 
1579 
1579 
1579 
1579 
158 
158 
158 
1581 
1581 
1582 
1582 
1582 
1583 
1583 
1584 
1585 
1586 
1586 
1586 
1586 
1587 
159 
159 
1590 
1592 
1592 
1594 
1594 
1598 
1598 
1599 
160 
1600 
1600 
1601 
1602 
1603 
1603 
1606 
1607 
1607 
1607 
1608 
1608 
1608 
1609 
161 
1611 
1615 
1615 
1617 
1617 
1618 
1618 
1618 
1618 
1620 
1622 
1622 
1624 
1627 
1627 
1629 
1629 
163 
163 
163 
1630 
1632 
1633 
1638 
1638 
1639 
164 
164 
164 
1640 
1641 
1642 
1642 
1642 
1642 
1643 
1645 
1645 
1645 
1646 
1647 
1647 
1647 
1648 
1649 
1649 
165 
165 
1652 
1653 
1653 
1653 
1657 
1658 
1659 
166 
1664 
1665 
1667 
1669 
1669 
167 
167 
1671 
1674 
1676 
1676 
1677 
1677 
1678 
1678 
1679 
1681 
1682 
1683 
1683 
1684 
1685 
1686 
1687 
1688 
1690 
1690 
1691 
1692 
1693 
1695 
1697 
17 
170 
1700 
1700 
1702 
1702 
1703 
1703 
1703 
1704 
1706 
1706 
1707 
1707 
1708 
1709 
171 
171 
1710 
1710 
1710 
1711 
1714 
1714 
1715 
1715 
1716 
1717 
1717 
1718 
172 
172 
1721 
1722 
1723 
1724 
1724 
1724 
1724 
1724 
1725 
1725 
1725 
1726 
1727 
1727 
1727 
1729 
1729 
1738 
1738 
1739 
1739 
1740 
1740 
1741 
1742 
1744 
1744 
1747 
1748 
1748 
1749 
1749 
1751 
1752 
1753 
1753 
1754 
1755 
1756 
1756 
1756 
1757 
1757 
1757 
1759 
1759 
1759 
1761 
1762 
1763 
1764 
1764 
1765 
1768 
1768 
1769 
1769 
1769 
177 
1771 
1772 
1774 
1775 
1776 
1777 
1777 
1778 
1778 
1778 
1778 
178 
178 
1780 
1781 
1782 
1782 
1783 
1783 
1783 
1784 
1785 
1785 
1785 
1786 
1787 
1787 
179 
1790 
1791 
1791 
1794 
1797 
1798 
18 
180 
1800 
1801 
1802 
1803 
1804 
1805 
1806 
1807 
1808 
1808 
1809 
181 
181 
1810 
1812 
1812 
1812 
1813 
1814 
1814 
1814 
1815 
1817 
1817 
1818 
1818 
1818 
1819 
1819 
182 
182 
1820 
1821 
1821 
1824 
1825 
1825 
1825 
1826 
1827 
1827 
1829 
183 
1830 
1832 
1832 
1832 
1832 
1832 
1833 
1838 
184 
1840 
1840 
1841 
1842 
1843 
1843 
1843 
1843 
1844 
1845 
1846 
1846 
1848 
1848 
185 
1851 
1853 
1853 
1854 
1854 
1855 
1858 
1860 
1861 
1861 
1861 
1862 
1862 
1863 
1863 
1864 
1868 
1869 
1869 
1869 
1869 
1870 
1871 
1877 
1877 
1878 
1878 
1878 
1879 
1879 
1880 
1881 
1884 
1885 
1888 
1888 
1889 
189 
1891 
1891 
1891 
1891 
1892 
1892 
1892 
1893 
1893 
1894 
1895 
1895 
1897 
1899 
1899 
1899 
1899 
19 
190 
190 
1900 
1901 
1901 
1902 
1902 
1902 
1904 
1905 
1905 
1906 
1907 
1908 
1909 
1909 
191 
191 
191 
1910 
1912 
1912 
1913 
1913 
1914 
1916 
1919 
1920 
1921 
1922 
1922 
1923 
1923 
1923 
1924 
1925 
1925 
1925 
1927 
1928 
1928 
1928 
1929 
1929 
1931 
1931 
1932 
1932 
1934 
1934 
1936 
194 
194 
194 
1940 
1940 
1942 
1942 
1943 
1943 
1943 
1944 
1944 
1945 
1945 
1945 
1948 
1949 
1949 
195 
195 
1952 
1953 
1954 
1955 
1955 
1956 
1958 
196 
1961 
1963 
1963 
1964 
1964 
1966 
1968 
197 
1971 
1971 
1972 
1972 
1973 
1974 
1975 
1975 
1975 
1976 
1976 
198 
198 
1980 
1980 
1984 
1985 
1987 
199 
1990 
1990 
1994 
1996 
1996 
1997 
1997 
1998 
1998 
2 
20 
200 
2000 
2001 
2003 
2004 
2004 
2005 
2005 
2006 
2008 
2009 
2009 
2009 
201 
2010 
2011 
2013 
2014 
2014 
2014 
2014 
2014 
2014 
2014 
2016 
2016 
2017 
2018 
2019 
2019 
202 
2020 
2022 
2023 
2024 
2026 
2026 
2027 
2028 
2029 
203 
2030 
2030 
2031 
2034 
2035 
2035 
2036 
2037 
2037 
2037 
2038 
2039 
204 
204 
204 
2040 
2041 
2042 
2042 
2043 
2044 
2045 
2045 
2050 
2050 
2051 
2051 
2053 
2053 
2054 
2054 
2054 
2055 
2055 
2058 
2058 
2058 
2058 
2059 
2059 
2059 
2061 
2061 
2061 
2062 
2064 
2064 
2067 
2070 
2071 
2072 
2072 
2076 
2078 
2079 
208 
2080 
2081 
2082 
2082 
2084 
2085 
2088 
2089 
2092 
2092 
2092 
2093 
2095 
2095 
2096 
2096 
2097 
2098 
210 
210 
210 
2100 
2101 
2101 
2106 
2106 
2107 
2108 
2108 
2109 
2109 
211 
211 
211 
2110 
2112 
2113 
2118 
2119 
2120 
2120 
2121 
2122 
2122 
2125 
2129 
2130 
2131 
2132 
2133 
2134 
2135 
2135 
2136 
2137 
2140 
2140 
2141 
2141 
2141 
2142 
2142 
2145 
2149 
2151 
2151 
2152 
2152 
2152 
2153 
2153 
2155 
2156 
2156 
2157 
2157 
2158 
2158 
2158 
2159 
2160 
2161 
2161 
2161 
2162 
2162 
2163 
2164 
2164 
2165 
2165 
2166 
2167 
217 
2172 
2172 
2172 
2172 
2173 
2173 
2175 
218 
218 
218 
2182 
2182 
2184 
2185 
2185 
2186 
2186 
2187 
2187 
2188 
2188 
2192 
2192 
2195 
2197 
2197 
2197 
2199 
2199 
2199 
22 
2202 
2202 
2203 
2207 
221 
2210 
2210 
2210 
2212 
2215 
2217 
2218 
2219 
222 
2221 
2223 
2224 
2225 
2225 
2227 
223 
2231 
2232 
2233 
2233 
2233 
2234 
2234 
2234 
2237 
2238 
2238 
2239 
224 
2241 
2248 
2248 
2249 
225 
225 
2250 
2250 
2252 
2253 
2254 
2255 
2255 
2256 
2258 
226 
226 
2260 
2260 
2261 
2265 
2265 
2265 
227 
227 
2270 
2270 
2270 
2277 
2277 
2278 
2279 
2284 
2285 
2286 
2287 
2288 
2289 
2291 
2293 
2294 
2295 
2295 
2296 
2298 
23 
2300 
2300 
2301 
2302 
2302 
2302 
2303 
2303 
2304 
2306 
2307 
2307 
2307 
2307 
2307 
2308 
231 
231 
2310 
2310 
2311 
2312 
2314 
2314 
2315 
2315 
2316 
2316 
2318 
2318 
2318 
2319 
232 
232 
2320 
2320 
2321 
2321 
2321 
2322 
2322 
2324 
2324 
2325 
2327 
2328 
2328 
2328 
233 
2332 
2333 
2336 
2337 
2338 
2338 
234 
234 
2341 
2343 
2344 
2344 
2345 
2346 
2347 
2347 
2349 
2350 
2351 
2354 
2354 
2355 
2358 
2358 
2364 
2365 
237 
2370 
2370 
2372 
2372 
2372 
2374 
2375 
2375 
2376 
2376 
2377 
2377 
2377 
2378 
2378 
2378 
2379 
2382 
2383 
2384 
2386 
2387 
2387 
2390 
2391 
2391 
2391 
2392 
2393 
2394 
2395 
2398 
24 
2401 
2401 
2402 
2403 
2404 
2404 
2405 
2405 
2405 
2406 
2406 
2408 
2409 
241 
241 
2410 
2411 
2413 
2413 
2414 
2415 
2415 
2416 
2419 
2419 
2421 
2422 
2422 
2425 
2425 
2425 
2425 
2426 
2426 
243 
243 
243 
2430 
2432 
2432 
2433 
2433 
2434 
2434 
2435 
2436 
2437 
2437 
2438 
244 
2440 
2441 
2441 
2442 
2442 
2443 
2443 
2444 
2444 
2445 
2445 
2446 
2446 
2447 
2447 
2451 
2451 
2451 
2452 
2453 
2454 
2455 
2455 
2457 
2459 
246 
2461 
2462 
2462 
2464 
2464 
2468 
2468 
2469 
247 
2473 
2474 
2474 
2475 
2475 
2475 
2476 
2477 
2479 
2479 
248 
248 
2480 
2481 
2481 
2481 
2483 
2484 
2485 
2486 
2486 
2487 
249 
2492 
2492 
2494 
2494 
2496 
2499 
250 
2500 
2500 
2500 
2501 
2501 
2502 
2504 
2505 
2506 
2507 
2508 
2509 
2510 
2510 
2511 
2513 
2513 
2514 
2514 
2514 
2514 
2515 
2515 
2515 
2515 
2516 
2517 
2520 
2522 
2524 
2526 
2527 
2529 
253 
253 
2530 
2531 
2532 
2536 
2536 
2536 
2537 
2537 
2538 
2540 
2542 
2543 
2543 
2544 
2544 
2545 
2546 
2547 
2547 
2549 
2549 
2549 
2549 
2552 
2553 
2559 
2559 
2559 
256 
2560 
2562 
2562 
2563 
2564 
2564 
2564 
2565 
2565 
2565 
2568 
2568 
2569 
2570 
2571 
2574 
2574 
2575 
2575 
2577 
2582 
2582 
2585 
2585 
2589 
2589 
2590 
2590 
2598 
2598 
2598 
2599 
2599 
2599 
26 
260 
260 
2600 
2601 
2601 
2602 
2603 
2603 
2604 
2607 
2607 
2607 
2609 
2609 
2609 
261 
2610 
2611 
2613 
2613 
2614 
2614 
2615 
2615 
2615 
2616 
2616 
2616 
2617 
2618 
2620 
2621 
2621 
2622 
2622 
2622 
2624 
2625 
2625 
2627 
2627 
2627 
2628 
2629 
2629 
263 
263 
2630 
2630 
2630 
2630 
2631 
2631 
2632 
2633 
2635 
2635 
2636 
2637 
2638 
264 
264 
264 
264 
264 
2641 
2641 
2642 
2643 
2644 
2647 
2648 
2649 
2649 
2651 
2651 
2651 
2653 
2654 
2656 
2656 
2657 
2657 
2658 
2658 
2658 
266 
2661 
2662 
2662 
2663 
2663 
2665 
2665 
2666 
2668 
2670 
2670 
2670 
2671 
2676 
2676 
2677 
2678 
2678 
268 
2681 
2681 
2682 
2683 
2683 
2684 
2684 
2685 
2685 
2686 
2687 
2687 
2687 
2688 
2690 
2691 
2691 
2693 
2694 
2697 
2699 
2699 
27 
2701 
2703 
2706 
2706 
2708 
2708 
271 
2710 
2711 
2711 
2712 
2712 
2714 
2715 
2715 
2716 
2717 
2718 
2718 
2719 
2719 
2719 
2719 
2720 
2720 
2720 
2720 
2721 
2721 
2723 
2723 
2723 
2725 
273 
273 
2731 
2731 
2731 
2732 
2732 
2733 
2735 
2743 
2743 
2744 
2745 
2746 
2746 
2747 
2747 
2749 
2751 
2751 
2752 
2752 
2752 
2753 
2753 
2756 
2756 
2757 
2758 
2758 
2759 
2759 
2759 
276 
276 
2760 
2760 
2760 
2762 
2763 
2765 
2765 
2767 
2768 
277 
2770 
2770 
2770 
2771 
2773 
2773 
2780 
2783 
2787 
2787 
2788 
2790 
2790 
2791 
2794 
2794 
2796 
2796 
2797 
2798 
28 
2802 
2804 
2805 
2806 
2807 
2807 
2807 
2808 
2808 
281 
2810 
2810 
2812 
2814 
2818 
2819 
2819 
2820 
2823 
2826 
2826 
2826 
2827 
2829 
2829 
283 
283 
283 
2830 
2832 
2832 
2832 
2832 
2832 
284 
2841 
2846 
2847 
2848 
2849 
285 
2850 
2850 
2850 
2854 
2855 
2855 
2856 
2859 
286 
286 
286 
2860 
2862 
2862 
2863 
2864 
2865 
2866 
2866 
2867 
287 
2871 
2872 
2873 
2876 
2878 
2878 
2880 
2881 
2882 
2882 
2885 
2886 
2887 
2888 
2888 
2888 
2889 
289 
2890 
2891 
2891 
2892 
2893 
2893 
2894 
2894 
2894 
2896 
2896 
2896 
2897 
2897 
2897 
2898 
2898 
2898 
2899 
2899 
290 
2901 
2901 
2902 
2904 
2904 
2905 
2905 
2906 
2907 
2908 
2908 
2909 
291 
291 
291 
2910 
2910 
2911 
2912 
2913 
2913 
2916 
2917 
2919 
2920 
2920 
2920 
2921 
2921 
2921 
2921 
2921 
2922 
2922 
2923 
2924 
2927 
2928 
2928 
2930 
2932 
2935 
2937 
2937 
2939 
294 
2940 
2941 
2941 
2941 
2941 
2943 
2943 
2944 
2944 
2944 
2945 
2947 
2948 
2950 
2952 
2953 
2953 
2955 
2956 
2958 
2959 
2960 
2960 
2962 
2966 
2967 
2970 
2970 
2971 
2976 
2976 
2977 
2979 
298 
2981 
2984 
2986 
2986 
2987 
2987 
2989 
2990 
2990 
2991 
2992 
2993 
2993 
2993 
2993 
2995 
2998 
2999 
3000 
3002 
3002 
3003 
3003 
3003 
3004 
3005 
3009 
3009 
3009 
3012 
3013 
3014 
3014 
3014 
3016 
3017 
3017 
3017 
302 
3020 
3022 
3022 
3022 
3023 
3023 
3024 
3026 
3026 
3029 
3030 
3032 
3033 
3034 
3034 
3034 
3035 
3036 
3036 
3037 
3037 
3037 
3038 
3039 
3041 
3042 
3043 
3044 
3044 
3045 
3047 
3047 
3047 
3048 
3048 
3048 
3048 
3049 
3049 
3049 
3049 
3051 
3051 
3051 
3052 
3054 
3056 
3057 
3058 
306 
3061 
3061 
3062 
3062 
3062 
3065 
3066 
3067 
3068 
3068 
307 
307 
3070 
3070 
3071 
3071 
3071 
3073 
3074 
3074 
3074 
3075 
3076 
3079 
308 
3080 
3081 
3082 
3082 
3082 
3082 
3082 
3083 
3083 
3086 
3086 
3087 
3087 
3088 
3088 
3089 
309 
3090 
3092 
3093 
3095 
3095 
3096 
3096 
3097 
3097 
310 
310 
3101 
3104 
3104 
3104 
3105 
3105 
3106 
3106 
3107 
3107 
3109 
311 
311 
3111 
3112 
3112 
3113 
3115 
3116 
3119 
3120 
3120 
3121 
3122 
3126 
3127 
3127 
3128 
313 
313 
3130 
3130 
3131 
3131 
3132 
3136 
3139 
314 
314 
314 
3141 
3142 
3142 
3144 
3145 
3145 
3146 
3147 
3147 
3151 
3152 
3152 
3153 
3155 
3158 
3160 
3162 
3162 
3163 
3164 
3164 
3165 
3166 
3166 
317 
317 
3170 
3171 
3171 
3171 
3172 
3172 
3173 
3173 
3173 
3174 
3174 
3174 
3175 
3178 
3178 
3178 
3179 
3180 
3181 
3181 
3181 
3183 
3183 
3183 
3184 
3186 
3187 
3187 
3189 
3189 
3190 
3190 
3190 
3191 
3194 
3199 
3199 
3199 
32 
320 
3200 
3200 
3200 
3201 
3201 
3201 
3203 
3205 
3206 
3207 
3207 
3208 
3208 
3208 
3209 
321 
321 
321 
321 
3211 
3212 
3213 
3214 
3216 
3217 
3220 
3221 
3222 
3226 
3227 
3227 
3227 
3228 
323 
323 
323 
3231 
3232 
3233 
3235 
3236 
3236 
3237 
3237 
3238 
3238 
324 
324 
3240 
3241 
3242 
3246 
3247 
3249 
325 
325 
3251 
3251 
3253 
3254 
3255 
3255 
3256 
3259 
326 
3260 
3262 
3263 
3263 
3266 
3268 
3268 
327 
327 
327 
327 
327 
3270 
3272 
3273 
3273 
3273 
3274 
3275 
3276 
3277 
3278 
3279 
3282 
3282 
3283 
3283 
3286 
3287 
329 
3290 
3291 
3295 
3296 
3296 
3297 
3298 
33 
33 
3300 
3300 
3300 
3302 
3303 
3303 
3303 
3303 
3303 
3304 
3307 
3308 
3308 
3308 
3311 
3312 
3312 
3312 
3313 
3317 
3319 
332 
332 
3322 
3323 
3323 
3324 
3328 
3329 
3329 
333 
333 
3332 
3333 
3334 
3337 
3337 
3337 
3338 
3338 
3339 
3340 
3340 
3345 
3346 
3347 
3349 
335 
335 
3350 
3352 
3353 
3354 
3355 
3356 
3356 
3356 
3358 
3359 
3360 
3364 
3364 
3364 
3365 
3365 
3366 
3367 
3367 
3368 
3368 
3368 
3369 
3369 
337 
3370 
3370 
3371 
3373 
3373 
3374 
3375 
3376 
3377 
3377 
3380 
3380 
3380 
3384 
3384 
3385 
3386 
3388 
339 
3390 
3392 
3392 
3392 
3393 
3394 
3395 
3397 
3398 
3399 
340 
340 
3400 
3400 
3404 
3408 
3408 
341 
3410 
3413 
3413 
3413 
3413 
3414 
3414 
3415 
3415 
3416 
3417 
3418 
3418 
3419 
342 
3420 
3420 
3423 
3424 
3425 
3425 
3425 
3426 
3427 
3429 
3429 
343 
3431 
3431 
3432 
3432 
3432 
3432 
3433 
3434 
3435 
3435 
3436 
3436 
3438 
3438 
3439 
3439 
344 
3441 
3443 
3444 
3445 
3446 
3446 
3447 
3449 
3449 
3449 
3451 
3452 
3453 
3455 
3456 
3457 
346 
346 
3460 
3460 
3461 
3461 
3464 
3465 
3465 
3465 
3466 
3467 
3468 
3468 
3469 
347 
347 
3470 
3472 
3474 
3474 
3474 
3474 
3475 
3476 
3478 
3479 
348 
3480 
3481 
3482 
3482 
3482 
3482 
3484 
3485 
3485 
3485 
3487 
3487 
3488 
3489 
3489 
3489 
349 
3490 
3492 
3492 
3493 
3494 
3495 
3497 
3498 
3499 
35 
35 
35 
350 
350 
3500 
3500 
3500 
3501 
3502 
3502 
3506 
3506 
3507 
3508 
3509 
351 
351 
3510 
3513 
3513 
3513 
3514 
3516 
3516 
3516 
3516 
3518 
3520 
3521 
3523 
3523 
3524 
3525 
3525 
3526 
3526 
3528 
353 
3530 
3532 
3532 
3533 
3534 
3535 
3535 
3537 
3537 
3538 
3539 
3539 
3539 
3539 
3540 
3540 
3540 
3540 
3541 
3541 
3542 
3542 
3543 
3543 
3544 
3545 
3545 
3547 
3549 
3549 
355 
3550 
3551 
3553 
3554 
3555 
3555 
3556 
3557 
3558 
3559 
356 
3561 
3566 
3566 
3567 
3568 
357 
3571 
3571 
3572 
3572 
3572 
3574 
3574 
3575 
3576 
3578 
3578 
3578 
3580 
3581 
3582 
3583 
3584 
3586 
3586 
3586 
3587 
3589 
3590 
3590 
3591 
3591 
3593 
3593 
3594 
3596 
3596 
3596 
360 
3600 
3600 
3600 
3600 
3601 
3601 
3602 
3602 
3603 
3608 
3609 
3610 
3612 
3613 
3613 
3614 
3614 
3614 
3618 
3619 
362 
362 
3621 
3622 
3622 
3624 
3625 
3625 
3626 
3627 
3628 
3629 
363 
3631 
3631 
3632 
3633 
3634 
3636 
3639 
3640 
3641 
3642 
3643 
3643 
3643 
3645 
3647 
3647 
3647 
3648 
365 
365 
3650 
3652 
3652 
3652 
3653 
3655 
3655 
3655 
3655 
3656 
3656 
3656 
3657 
3658 
3658 
366 
366 
3661 
3662 
3664 
3664 
3664 
3664 
3665 
3667 
3669 
3669 
3669 
367 
3670 
3670 
3672 
3672 
3673 
3673 
3673 
3673 
3675 
3678 
3678 
368 
3681 
3682 
3683 
3686 
3687 
3692 
3693 
3693 
3693 
3695 
3695 
3697 
3698 
3699 
3700 
3702 
3702 
3703 
3703 
3703 
3705 
3706 
3707 
3708 
3708 
3709 
371 
3710 
3710 
3713 
3713 
3714 
3715 
3716 
3716 
3716 
3716 
3718 
3718 
372 
3722 
3723 
3723 
3724 
3724 
3724 
3725 
3726 
3726 
3726 
3727 
3728 
3730 
3731 
3731 
3732 
3733 
3733 
3735 
3735 
3735 
3736 
3736 
3736 
3739 
3739 
3740 
3740 
3740 
3741 
3741 
3741 
3742 
3742 
3743 
3743 
3743 
3744 
3744 
3748 
3748 
3749 
3749 
3749 
3749 
375 
375 
3751 
3751 
3751 
3752 
3752 
3752 
3754 
3755 
3756 
3757 
3759 
376 
3760 
3760 
3761 
3761 
3761 
3762 
3763 
3763 
3763 
3764 
3765 
3767 
3767 
3768 
377 
377 
3770 
3772 
3773 
3774 
3774 
3775 
3776 
3777 
378 
378 
3780 
3782 
3782 
3785 
3786 
3790 
3790 
3793 
3793 
3793 
3794 
3795 
380 
3800 
3804 
3805 
3807 
3807 
3808 
3809 
381 
381 
3810 
3810 
3810 
3810 
3812 
3812 
3817 
3818 
382 
382 
3820 
3821 
3822 
3823 
3823 
3823 
3823 
3824 
3825 
3826 
3826 
3826 
3827 
3828 
3829 
383 
3830 
3830 
3833 
3834 
3835 
3835 
3835 
3837 
3838 
3838 
384 
384 
3840 
3841 
3841 
3841 
3843 
3843 
3844 
3844 
3845 
3846 
3846 
3848 
3848 
3849 
3850 
3851 
3851 
3851 
3851 
3853 
3853 
3854 
3855 
3855 
3856 
3857 
3857 
3859 
3860 
3860 
3860 
3862 
3863 
3864 
3867 
3868 
3868 
3869 
387 
387 
3870 
3871 
3877 
3878 
3879 
3879 
3880 
3882 
3883 
3884 
3884 
3886 
3888 
3888 
3889 
389 
389 
3890 
3891 
3895 
3895 
3896 
3896 
3897 
3897 
3897 
3897 
3898 
3899 
3899 
39 
39 
3900 
3903 
3903 
3904 
3905 
3908 
3908 
3908 
3909 
3911 
3913 
3914 
3915 
3916 
3917 
3917 
3917 
3917 
3918 
3918 
3919 
3919 
392 
3922 
3923 
3925 
3926 
3926 
3927 
3928 
3929 
3929 
3931 
3931 
3931 
3932 
3932 
3933 
3934 
3936 
3937 
3937 
3937 
3938 
3938 
3938 
3939 
3939 
394 
3940 
3940 
3941 
3942 
3942 
3942 
3944 
3945 
3945 
3945 
3946 
3948 
3950 
3951 
3955 
3955 
3955 
3956 
3960 
3960 
3961 
3962 
3962 
3964 
3967 
3967 
397 
3971 
3971 
3971 
3973 
3974 
3975 
3975 
3975 
3975 
3976 
3978 
3978 
3979 
3981 
3981 
3983 
3983 
3985 
3986 
3986 
3987 
3988 
3989 
399 
3990 
3991 
3992 
3993 
3995 
3995 
3996 
4 
40 
40 
400 
4000 
4001 
4002 
4003 
4004 
4004 
4005 
4005 
4005 
4007 
4007 
4007 
4008 
401 
4010 
4011 
4014 
4016 
4016 
4017 
4018 
4020 
4022 
4022 
4023 
4023 
4023 
4025 
4026 
4026 
4027 
4029 
4030 
4031 
4031 
4034 
4034 
4035 
4037 
4038 
404 
404 
404 
4040 
4041 
4042 
4043 
4044 
4046 
4047 
405 
405 
4050 
4050 
4051 
4052 
4053 
4054 
4059 
4060 
4064 
4065 
4065 
4066 
4067 
4067 
4067 
4067 
4067 
4068 
4069 
407 
407 
4070 
4073 
4073 
4073 
4073 
4074 
4075 
4075 
4079 
408 
408 
408 
4080 
4080 
4081 
4081 
4082 
4082 
4082 
4082 
4084 
4084 
4086 
4087 
4088 
4088 
4088 
4088 
4089 
4089 
4091 
4092 
4093 
4094 
4096 
4097 
4098 
4099 
41 
410 
4100 
4101 
4101 
4101 
4102 
4102 
4102 
4104 
4104 
4105 
4106 
4107 
4107 
411 
4111 
4112 
4114 
4115 
4116 
4116 
4116 
4117 
4118 
4118 
4118 
4119 
4119 
4119 
412 
412 
4120 
4121 
4121 
4122 
4122 
4126 
4126 
4126 
4126 
4126 
4127 
413 
4131 
4133 
4133 
4133 
4134 
4134 
4136 
4138 
4139 
4145 
4146 
4148 
4148 
4148 
415 
415 
4150 
4151 
4152 
4152 
4152 
4153 
4155 
4155 
4156 
4156 
4158 
4158 
416 
4160 
4161 
4162 
4162 
4163 
4165 
4165 
4166 
4166 
4168 
4169 
417 
417 
417 
4171 
4174 
4176 
4176 
4177 
4177 
4177 
4178 
4181 
4182 
4183 
4184 
4185 
4186 
4186 
4186 
4187 
4188 
4188 
4189 
4189 
419 
419 
4190 
4192 
4195 
4195 
4195 
4195 
4195 
4196 
4196 
4198 
4198 
4199 
4199 
4199 
42 
420 
4200 
4200 
4201 
4201 
4201 
4201 
4202 
4204 
4205 
4205 
4206 
4206 
4206 
4208 
4211 
4212 
4212 
4214 
4217 
422 
422 
4220 
4220 
4224 
4227 
4227 
4228 
4228 
423 
4230 
4231 
4234 
4235 
4235 
4236 
4236 
4237 
4237 
4237 
4237 
4237 
4238 
4239 
4239 
424 
424 
4240 
4240 
4240 
4241 
4241 
4242 
4242 
4243 
4244 
4247 
4248 
4249 
425 
4250 
4251 
4252 
4253 
4253 
4253 
4253 
4256 
4257 
4257 
426 
4260 
4267 
4268 
4269 
4269 
427 
427 
4270 
4270 
4271 
4271 
4272 
4273 
4273 
4274 
4275 
4278 
428 
428 
4280 
4281 
4281 
4282 
4282 
4284 
4284 
4284 
4285 
4286 
4286 
4288 
429 
429 
4290 
4291 
4291 
4293 
4295 
4295 
4298 
43 
43 
4300 
4302 
4305 
4307 
4309 
431 
431 
4310 
4311 
4312 
4314 
4314 
4316 
4317 
4318 
4318 
432 
432 
4320 
4321 
4321 
4324 
4324 
4325 
4327 
4327 
4329 
4329 
4330 
4331 
4331 
4332 
4332 
4334 
4334 
4335 
4336 
4336 
4337 
4338 
4339 
4339 
434 
434 
434 
434 
434 
4340 
4341 
4343 
4344 
4345 
4347 
4347 
4347 
4349 
4349 
435 
435 
435 
4350 
4350 
4351 
4354 
4354 
4354 
4355 
4356 
4356 
4358 
4359 
4360 
4360 
4361 
4362 
4362 
4362 
4363 
4363 
4363 
4368 
4368 
4368 
4368 
4369 
4371 
4372 
4372 
4372 
4374 
4374 
4377 
4377 
4378 
4378 
4378 
4379 
4380 
4380 
4380 
4383 
4384 
4385 
4385 
4386 
4387 
4387 
4390 
4390 
4391 
4392 
4392 
4392 
4393 
4394 
4395 
4395 
4396 
4397 
4397 
4397 
4397 
4397 
440 
440 
440 
4400 
4401 
4402 
4402 
4402 
4402 
4404 
4404 
4405 
4406 
4409 
4409 
441 
4410 
4410 
4411 
4412 
4413 
4414 
4414 
4414 
4415 
4415 
4417 
4417 
4418 
4419 
442 
4420 
4420 
4421 
4422 
4424 
4425 
4426 
4426 
4428 
4429 
4429 
4429 
443 
443 
443 
4431 
4431 
4431 
4432 
4434 
4435 
4435 
4435 
4436 
4437 
4438 
4438 
4440 
4440 
4441 
4442 
4445 
4446 
4448 
4448 
4448 
4451 
4452 
4453 
4453 
4454 
4454 
4454 
4455 
4457 
4459 
446 
4460 
4460 
4461 
4462 
4462 
4464 
447 
4470 
4471 
4471 
4473 
4474 
4474 
4474 
4475 
4475 
4476 
4476 
4477 
4477 
4478 
4479 
4480 
4480 
4480 
4483 
4483 
4484 
4485 
4488 
4489 
4489 
449 
449 
449 
4491 
4492 
4492 
4495 
4498 
4498 
4498 
4499 
45 
45 
45 
4505 
4506 
4507 
4507 
4507 
4508 
4509 
4509 
4510 
4511 
4511 
4513 
4515 
4518 
452 
452 
4520 
4520 
4521 
4522 
4524 
4524 
4524 
4526 
4526 
4527 
4527 
4527 
453 
4530 
4530 
4531 
4532 
4532 
4533 
4533 
4534 
4535 
4535 
4536 
4536 
4539 
4539 
454 
4540 
4541 
4541 
4541 
4542 
4542 
4542 
4544 
4546 
4546 
4548 
4548 
4550 
4550 
4550 
4552 
4552 
4553 
4554 
4556 
4556 
4557 
4558 
4558 
4558 
4558 
4559 
456 
4560 
4560 
4561 
4562 
4568 
4569 
457 
4570 
4571 
4572 
4572 
4573 
4578 
4578 
4578 
4578 
458 
458 
4580 
4582 
4582 
4584 
4584 
4584 
4584 
4586 
4586 
4587 
4588 
4589 
459 
459 
459 
459 
4591 
4592 
4594 
4594 
4595 
4595 
4596 
4596 
4596 
4597 
4597 
46 
460 
4600 
4604 
4606 
4606 
4607 
4608 
4608 
4608 
4608 
4610 
4612 
4612 
4613 
4613 
4613 
4614 
4614 
4617 
4618 
4621 
4622 
4626 
4627 
4630 
4631 
4631 
4631 
4633 
4635 
4637 
4637 
4638 
4640 
4641 
4642 
4643 
4643 
4644 
4646 
4646 
465 
465 
4650 
4652 
4652 
4655 
4655 
4661 
4662 
4664 
4664 
4665 
4666 
4668 
467 
467 
467 
4671 
4674 
4675 
4675 
4677 
4677 
4677 
4679 
468 
4681 
4681 
4681 
4682 
4683 
4683 
4683 
4683 
4685 
4685 
4689 
4689 
469 
4690 
4693 
4693 
4693 
4693 
4694 
4694 
4694 
4697 
4699 
47 
47 
4701 
4702 
4702 
4705 
4705 
4708 
4708 
4709 
4709 
471 
4710 
4711 
4713 
4715 
4718 
4719 
4719 
4720 
4721 
4723 
4724 
4725 
4727 
4727 
4728 
4728 
4730 
4731 
4732 
4732 
4733 
4734 
4735 
4735 
4736 
4738 
474 
4740 
4740 
4742 
4742 
4743 
4743 
4744 
4745 
4745 
4748 
4749 
475 
475 
475 
4750 
4752 
4753 
4755 
4755 
4755 
4756 
4756 
4758 
4758 
4759 
476 
4760 
4765 
4767 
4767 
4770 
4771 
4772 
4773 
4774 
4776 
4777 
4777 
4778 
4779 
478 
478 
4780 
4780 
4780 
4782 
4782 
4783 
4786 
4787 
4788 
479 
4791 
4793 
4794 
4794 
4795 
4795 
4796 
4797 
4798 
480 
480 
4800 
4803 
4804 
4804 
4805 
4806 
4806 
4806 
4807 
4808 
481 
4811 
4813 
4813 
4813 
4814 
4818 
4818 
4819 
4819 
4820 
4821 
4822 
4827 
4827 
4832 
4832 
4832 
4833 
4834 
4835 
4838 
4838 
4839 
484 
4840 
4840 
4842 
4845 
4845 
4848 
4848 
4848 
4849 
4850 
4851 
4851 
4851 
4852 
4852 
4854 
4855 
4856 
4858 
4858 
486 
4860 
4865 
4866 
4866 
4868 
4869 
4869 
4870 
4870 
4872 
4872 
4876 
4877 
4877 
4877 
488 
4880 
4880 
4881 
4881 
4882 
4882 
4883 
4884 
4886 
4889 
489 
4890 
4893 
4893 
4894 
4894 
4896 
4897 
4899 
4899 
4900 
4901 
4902 
4902 
4903 
4904 
4906 
4906 
4906 
4907 
4907 
4908 
4909 
4909 
4910 
4910 
4911 
4912 
4913 
4913 
4914 
4916 
492 
4920 
4921 
4921 
4921 
4922 
4923 
4923 
4924 
4925 
4925 
4926 
4928 
4931 
4931 
4932 
4935 
4935 
4935 
4935 
4935 
4936 
4938 
4938 
494 
4942 
4943 
4944 
4945 
4945 
4945 
4945 
4945 
4946 
4946 
4947 
4947 
4948 
4948 
4948 
495 
4950 
4951 
4953 
4954 
4955 
4958 
4959 
4960 
4960 
4960 
4961 
4961 
4961 
4962 
4962 
4966 
4966 
4967 
4969 
4969 
4971 
4971 
4971 
4972 
4974 
4975 
4975 
4976 
4977 
4978 
4980 
4981 
4982 
4984 
4984 
4987 
4987 
4989 
499 
499 
4990 
4991 
4994 
4994 
4997 
4998 
4999 
50 
500 
500 
5001 
5004 
5005 
5006 
5007 
5008 
5008 
5008 
5009 
5009 
5009 
5009 
501 
5010 
5013 
5014 
5014 
5014 
5015 
5015 
5017 
5018 
5019 
5019 
5019 
502 
502 
5020 
5023 
5023 
5023 
5023 
5024 
5026 
5027 
5027 
5028 
503 
5032 
5033 
5034 
5035 
5036 
5036 
5036 
5038 
5039 
504 
5041 
5041 
5043 
5043 
5045 
5045 
5046 
5047 
505 
505 
5051 
5051 
5051 
5052 
5053 
5054 
5054 
5058 
506 
506 
5060 
5060 
5060 
5060 
5061 
5063 
5063 
5064 
5065 
5066 
5068 
5069 
507 
507 
507 
5072 
5072 
5073 
5073 
5074 
5075 
5076 
5076 
5078 
5078 
508 
5080 
5082 
5082 
5083 
5084 
5084 
5084 
5085 
5085 
5085 
5087 
5088 
5088 
5089 
5090 
5090 
5091 
5097 
51 
51 
510 
510 
5100 
5101 
5101 
5102 
5102 
5104 
5105 
5108 
5108 
511 
511 
5110 
5110 
5110 
5111 
5113 
5114 
5115 
5115 
5116 
5117 
5117 
5118 
5119 
5119 
512 
512 
5121 
5123 
5124 
5126 
5126 
5126 
5126 
5127 
5127 
5127 
5128 
5128 
5128 
5129 
5130 
5131 
5133 
5134 
5136 
5137 
5139 
514 
5140 
5147 
5147 
5148 
5148 
5149 
5150 
5151 
5151 
5151 
5154 
5156 
5157 
5158 
5159 
5159 
5159 
516 
516 
5164 
5165 
5166 
5166 
5167 
5167 
5167 
5168 
517 
517 
5170 
5171 
5172 
5173 
5176 
5176 
5177 
5177 
5179 
518 
518 
5180 
5180 
5181 
5181 
5183 
5186 
5187 
5188 
5188 
5189 
519 
519 
519 
5190 
5191 
5192 
5194 
5195 
5195 
5196 
5198 
5199 
52 
520 
5200 
5200 
5200 
5201 
5201 
5203 
5203 
5205 
5205 
5206 
5207 
5207 
5209 
5209 
5209 
521 
5212 
5213 
5214 
5217 
5218 
5219 
522 
5220 
5225 
5226 
5226 
5227 
5228 
5230 
5232 
5233 
5233 
5234 
5234 
5235 
5237 
5239 
5239 
524 
524 
5240 
5242 
5242 
5243 
5245 
5245 
5246 
5247 
5247 
5247 
5248 
5248 
5250 
5254 
5257 
5257 
5258 
526 
5260 
5265 
5267 
5268 
5268 
5269 
5270 
5272 
5272 
5274 
5278 
5280 
5280 
5282 
5284 
5285 
5286 
5286 
5286 
5288 
529 
529 
5290 
5290 
5291 
5292 
5292 
5293 
5293 
5294 
5296 
5297 
5299 
53 
5300 
5301 
5303 
5303 
5304 
5304 
5305 
5306 
5307 
5307 
5307 
5308 
5308 
5309 
5309 
5309 
531 
5310 
5311 
5312 
5313 
5313 
5314 
5315 
5320 
5321 
5321 
5323 
5323 
5324 
5325 
5326 
5326 
5327 
5327 
5328 
5328 
5328 
5329 
5329 
5332 
5333 
5334 
5337 
534 
5340 
5340 
5341 
5341 
5343 
5343 
5343 
5344 
5344 
5346 
5349 
5349 
5350 
5353 
5354 
5355 
5355 
5357 
5357 
5357 
5357 
5358 
536 
536 
5360 
5360 
5360 
5361 
5363 
5364 
5365 
5365 
5366 
5368 
5368 
5369 
537 
537 
5371 
5373 
5373 
5373 
5374 
5376 
5376 
5377 
5377 
5378 
5379 
5379 
538 
538 
5380 
5381 
5383 
5384 
5385 
5385 
5386 
5389 
5389 
5390 
5395 
5395 
5396 
5397 
54 
540 
5402 
5402 
5402 
5403 
5404 
5404 
5405 
5405 
5406 
5407 
5408 
5408 
5408 
5409 
5410 
5411 
5412 
5414 
5417 
5417 
5419 
542 
5420 
5421 
5421 
5421 
5421 
5422 
5422 
5422 
5425 
5426 
5426 
5426 
5427 
5428 
5428 
543 
5430 
5431 
5431 
5431 
5432 
5434 
5434 
5435 
5436 
5437 
5438 
5438 
5438 
5441 
5442 
5448 
5449 
5449 
545 
545 
545 
5450 
5450 
5451 
5453 
5454 
5455 
5455 
5456 
5459 
546 
5460 
5462 
5462 
5463 
5463 
5465 
5466 
5466 
5466 
5466 
5466 
5467 
5470 
5471 
5472 
5472 
5473 
5476 
5476 
5477 
5477 
5477 
5479 
548 
5481 
5482 
5484 
5486 
5486 
5488 
5489 
549 
5490 
5491 
5491 
5492 
5494 
5494 
5495 
5495 
5498 
5498 
5498 
55 
550 
550 
5502 
5504 
5504 
5505 
5506 
5507 
5508 
5508 
5509 
551 
551 
5510 
5510 
5511 
5512 
5512 
5512 
5514 
5514 
5516 
5516 
5516 
5519 
552 
552 
552 
5520 
5522 
5524 
5525 
5525 
5525 
5526 
5527 
5527 
5529 
553 
553 
5530 
5530 
5531 
5531 
5532 
5535 
5537 
5537 
5538 
554 
5540 
5541 
5543 
5544 
5547 
5547 
5548 
5550 
5550 
5552 
5552 
5554 
5554 
5555 
5556 
5557 
5558 
5558 
5558 
5559 
5561 
5561 
5561 
5561 
5561 
5562 
5562 
5563 
5564 
5565 
5566 
5567 
5567 
5567 
5568 
5569 
5569 
557 
557 
557 
5570 
5571 
5571 
5573 
5575 
5576 
5576 
5576 
5578 
5579 
5580 
5580 
5581 
5582 
5584 
5587 
5587 
5588 
5588 
5588 
5589 
5589 
5589 
559 
559 
5591 
5591 
5594 
5594 
5595 
5598 
56 
56 
56 
5600 
5600 
5601 
5601 
5607 
5608 
5609 
5609 
5610 
5610 
5611 
5611 
5611 
5612 
5615 
5615 
5616 
5616 
5616 
5616 
5619 
5619 
5620 
5620 
5622 
5622 
5625 
5625 
5626 
5628 
5630 
5631 
5631 
5632 
5632 
5633 
5633 
5634 
5635 
5635 
5635 
5636 
5636 
5637 
5639 
5639 
5639 
5640 
5641 
5641 
5642 
5642 
5643 
5644 
5645 
5646 
5646 
5650 
5652 
5652 
5654 
5655 
5655 
5656 
5657 
5658 
5658 
5659 
566 
566 
5660 
5660 
5662 
5664 
5667 
5667 
5667 
5668 
5669 
5669 
5671 
5672 
5673 
5674 
5677 
5677 
5677 
5678 
5678 
5679 
5680 
5682 
5683 
5683 
5683 
5684 
5684 
5684 
5685 
5688 
5689 
569 
5690 
5691 
5691 
5694 
5697 
5697 
5697 
57 
5700 
5700 
5701 
5701 
5702 
5704 
5705 
5706 
5707 
5709 
5709 
571 
571 
5710 
5710 
5712 
5712 
5713 
5715 
5715 
5716 
5717 
5718 
5718 
5719 
5719 
5722 
5722 
5722 
5724 
5725 
5727 
573 
5732 
5732 
5732 
5733 
5735 
5736 
5736 
5737 
5738 
5738 
5739 
5740 
5741 
5743 
5743 
5744 
5745 
5745 
5746 
5747 
5748 
5749 
5752 
5752 
5752 
5753 
5753 
5754 
5754 
5754 
5754 
5755 
5755 
5757 
5757 
5758 
5759 
5759 
576 
576 
5760 
5760 
5761 
5763 
5765 
5766 
5767 
5770 
5770 
5771 
5771 
5771 
5771 
5771 
5771 
5772 
5773 
5774 
5774 
5776 
5778 
5779 
5783 
5785 
5785 
5786 
5786 
5786 
5789 
5789 
579 
5795 
5796 
5797 
58 
58 
58 
58 
5801 
5802 
5802 
5804 
5805 
5808 
581 
5811 
5811 
5811 
5814 
5814 
5814 
5814 
5815 
5817 
5818 
5819 
5819 
5819 
5819 
582 
582 
5820 
5821 
5822 
5826 
5830 
5830 
5831 
5831 
5832 
5833 
5833 
5834 
5834 
5835 
5836 
5836 
5838 
5839 
5839 
584 
5840 
5841 
5841 
5842 
5843 
5844 
5845 
5846 
5848 
5848 
5849 
5850 
5850 
5851 
5852 
5853 
5854 
5857 
5857 
5857 
5857 
5858 
586 
5860 
5862 
5862 
5863 
5865 
5866 
5866 
5869 
587 
5871 
5871 
5872 
5872 
5873 
5874 
5874 
5876 
5876 
5877 
5877 
5878 
5879 
5879 
5879 
5881 
5884 
5884 
5884 
5885 
5885 
5887 
5887 
5889 
5889 
589 
589 
5891 
5892 
5894 
5895 
5897 
59 
590 
590 
590 
5900 
5901 
5904 
5904 
5905 
5906 
5907 
5908 
5910 
5910 
5911 
5911 
5911 
5912 
5916 
5918 
592 
5922 
5922 
5923 
5923 
5925 
5925 
5927 
5929 
5930 
5931 
5931 
5932 
5932 
5933 
5933 
5933 
5933 
5934 
5934 
5935 
5936 
5936 
5937 
5937 
5938 
5938 
5939 
5939 
5940 
5940 
5941 
5942 
5943 
5944 
5944 
5944 
5948 
5949 
5951 
5951 
5951 
5951 
5954 
5954 
5954 
5954 
5956 
5957 
5957 
5959 
5959 
5959 
5959 
596 
5961 
5961 
5963 
5964 
5966 
5966 
5966 
5968 
5969 
5969 
597 
597 
597 
5970 
5970 
5972 
5974 
5975 
5975 
5978 
598 
598 
598 
5980 
5981 
5981 
5982 
5986 
5986 
5987 
5990 
5991 
5992 
5992 
5995 
5995 
5997 
5998 
5998 
5998 
5998 
5998 
6 
6 
60 
600 
600 
600 
6002 
6002 
6004 
6005 
6007 
6007 
6008 
6008 
601 
6012 
6014 
6014 
6015 
6016 
6016 
6017 
6019 
6019 
602 
602 
6021 
6021 
6022 
6023 
6024 
6025 
6026 
6028 
6029 
6029 
6029 
6033 
6034 
6036 
6037 
6037 
6038 
6038 
6039 
604 
6040 
6040 
6042 
6042 
6043 
6044 
6044 
6045 
6048 
6048 
6048 
6048 
6049 
6050 
6050 
6051 
6051 
6051 
6051 
6052 
6053 
6053 
6053 
6053 
6054 
6054 
6054 
6056 
6056 
6057 
6059 
606 
6061 
6061 
6063 
6063 
6064 
6064 
6066 
6067 
607 
607 
607 
6071 
6071 
6073 
6074 
6074 
6074 
6075 
6076 
6076 
6079 
608 
6081 
6081 
6082 
6084 
6085 
6086 
6086 
6087 
6088 
6089 
6089 
609 
6090 
6090 
6091 
6091 
6093 
6095 
6098 
6100 
6102 
6102 
6102 
6108 
6109 
611 
611 
6110 
6111 
6113 
6113 
6114 
6114 
6116 
6116 
6119 
612 
6123 
6123 
6124 
6124 
6126 
6126 
6126 
6129 
6130 
6130 
6135 
6136 
6136 
6137 
6139 
614 
6140 
6140 
6141 
6142 
6143 
6143 
6144 
6146 
6146 
6148 
6149 
615 
6150 
6150 
6151 
6152 
6152 
6153 
6153 
6153 
6154 
6154 
6155 
6155 
6156 
6157 
6158 
6158 
6160 
6160 
6165 
6167 
6167 
6169 
6170 
6171 
6171 
6172 
6172 
6173 
6179 
6179 
618 
618 
6180 
6182 
6183 
6186 
6187 
6188 
6188 
6189 
619 
6191 
6193 
6193 
6195 
6197 
6197 
6198 
6199 
6199 
6199 
6199 
62 
620 
6200 
6200 
6201 
6202 
6202 
6205 
621 
621 
6211 
6212 
6212 
6213 
6213 
6214 
6215 
6218 
6222 
6222 
6223 
6224 
6226 
6226 
6226 
6226 
6227 
6227 
6228 
6229 
6229 
6229 
6231 
6233 
6233 
6234 
6235 
6236 
6236 
6237 
6237 
6239 
624 
6244 
6245 
6245 
6246 
6247 
6248 
6248 
6249 
625 
625 
6250 
6250 
6251 
6252 
6252 
6254 
6255 
6255 
6257 
6257 
6257 
6257 
6257 
626 
626 
6260 
6262 
6262 
6264 
6264 
6266 
6266 
6267 
6269 
6269 
6270 
6272 
6272 
6272 
6274 
6276 
6277 
6278 
6279 
6280 
6281 
6282 
6283 
6284 
6285 
6285 
6287 
6288 
6289 
6289 
629 
629 
629 
6290 
6291 
6292 
6292 
6296 
6297 
6299 
630 
6300 
6302 
6302 
6302 
6302 
6302 
6303 
6304 
6304 
6304 
6305 
6307 
6307 
6308 
6308 
6310 
6311 
6312 
6312 
6313 
6313 
6313 
6313 
6315 
6316 
6317 
6318 
6318 
632 
6320 
6322 
6322 
6325 
6325 
6326 
6326 
6327 
6327 
6328 
6329 
633 
633 
633 
633 
6330 
6330 
6336 
6336 
6336 
6336 
6337 
6338 
6340 
6341 
6341 
6342 
6342 
6343 
6345 
6345 
6346 
6347 
6347 
6347 
6347 
6348 
6348 
635 
635 
6353 
6353 
6353 
6356 
6356 
6356 
6358 
6359 
6359 
6360 
6362 
6362 
6362 
6367 
6368 
6369 
6369 
6369 
637 
6370 
6371 
6371 
6371 
6372 
6373 
6374 
6377 
6377 
6379 
638 
638 
6382 
6383 
6383 
6384 
6385 
6385 
6386 
6387 
6387 
639 
639 
6392 
6393 
6393 
6393 
6395 
6395 
6396 
6397 
6397 
6397 
6397 
6399 
6399 
64 
6400 
6401 
6401 
6402 
6403 
6409 
6409 
641 
6411 
6413 
6415 
6416 
6417 
6418 
6419 
6420 
6421 
6421 
6422 
6422 
6423 
6424 
6424 
6425 
6426 
6427 
6429 
643 
6431 
6432 
6433 
6435 
6438 
6439 
6439 
6440 
6440 
6440 
6441 
6441 
6444 
6444 
6444 
6445 
6446 
6447 
6448 
6448 
6448 
6449 
645 
645 
6450 
6451 
6451 
6454 
6456 
6456 
6457 
6457 
6458 
6459 
6460 
6462 
6463 
6463 
6463 
6464 
6464 
6465 
6465 
6465 
6465 
6466 
6466 
6467 
6467 
6467 
6468 
647 
6470 
6470 
6471 
6471 
6471 
6472 
6473 
6474 
6475 
6475 
6476 
6477 
6478 
6480 
6480 
6483 
6485 
6486 
6486 
6488 
6490 
6490 
6491 
6491 
6492 
6493 
6493 
6494 
6494 
6495 
6495 
6496 
6496 
6497 
6497 
6498 
6498 
6499 
65 
6501 
6501 
6503 
6504 
6506 
6506 
6508 
651 
651 
6510 
6512 
6512 
6512 
6512 
6513 
6514 
6515 
6515 
6516 
6517 
6518 
652 
6523 
6524 
6526 
6527 
6528 
6529 
6532 
6533 
6534 
6534 
6536 
6537 
6538 
6538 
6539 
6539 
6540 
6543 
6543 
6543 
6545 
6546 
6546 
6549 
6550 
6550 
6551 
6553 
6553 
6554 
6554 
6554 
6554 
6559 
6559 
656 
656 
656 
6560 
6561 
6561 
6561 
6562 
6562 
6564 
6564 
6566 
6567 
6567 
6568 
6572 
6573 
6574 
6575 
6577 
6578 
6578 
6580 
6582 
6582 
6584 
6585 
6585 
6587 
6587 
6588 
6589 
6589 
659 
6591 
6592 
6595 
6595 
6597 
6598 
6598 
6599 
66 
66 
660 
660 
6600 
6601 
6601 
6601 
6601 
6603 
6604 
6609 
6609 
6610 
6610 
6610 
6611 
6611 
6614 
6614 
6615 
6617 
6617 
6617 
6619 
6622 
6623 
663 
663 
6630 
6631 
6632 
6632 
6632 
6633 
6633 
6633 
6634 
6636 
6639 
6639 
664 
664 
6641 
6642 
6642 
6643 
6643 
6644 
6644 
6645 
6649 
6649 
665 
6650 
6651 
6654 
6656 
6656 
6656 
6657 
6657 
6659 
666 
6660 
6660 
6661 
6661 
6665 
6665 
6665 
6666 
6667 
6669 
6672 
6673 
6674 
6676 
6678 
6678 
6678 
6678 
6679 
668 
6680 
6681 
6681 
6682 
6683 
6683 
6683 
6684 
6685 
6686 
6688 
6694 
6694 
6694 
6695 
6696 
6698 
6699 
67 
670 
6700 
6702 
6702 
6704 
6704 
6705 
6706 
6706 
6708 
6709 
671 
6710 
6710 
6711 
6712 
6713 
6713 
6714 
6716 
6716 
6718 
6718 
672 
6720 
6720 
6721 
6721 
6722 
6723 
6723 
6724 
6725 
6726 
6726 
6727 
6728 
673 
6730 
6731 
6734 
6735 
6736 
6737 
6737 
6738 
6740 
6740 
6743 
6744 
6745 
6745 
6746 
6749 
675 
6752 
6753 
6754 
6757 
6758 
6758 
676 
676 
6760 
6761 
6761 
6762 
6764 
6765 
6768 
6769 
677 
6770 
6771 
6772 
6772 
6773 
6775 
6775 
6776 
6777 
6779 
6779 
678 
6780 
6783 
6784 
6784 
6784 
6788 
6789 
6790 
6790 
6791 
6791 
6792 
6793 
6797 
6797 
6797 
6798 
6798 
68 
680 
6800 
6800 
6801 
6801 
6803 
6805 
6806 
6807 
6807 
6808 
6809 
6811 
6811 
6813 
6813 
6815 
6815 
6816 
6818 
6819 
682 
6820 
6826 
6828 
6828 
6829 
6831 
6832 
6833 
6834 
6835 
6837 
6837 
6839 
684 
684 
6840 
6841 
6842 
6843 
6843 
6844 
6847 
6852 
6853 
6856 
6856 
6856 
6857 
6857 
6859 
686 
6861 
6861 
6862 
6864 
6865 
6865 
6866 
6867 
6867 
6868 
687 
6870 
6872 
6873 
6873 
6873 
6873 
6874 
6874 
6876 
6877 
6878 
6878 
6879 
688 
6880 
6880 
6880 
6880 
6880 
6881 
6881 
6881 
6881 
6882 
6882 
6882 
6885 
6885 
6888 
6889 
689 
689 
689 
6891 
6891 
6893 
6898 
69 
690 
6901 
6901 
6901 
6902 
6903 
6903 
6904 
6906 
6908 
6908 
6910 
6911 
6914 
6915 
6915 
6915 
6915 
6916 
6916 
6919 
692 
6921 
6922 
6922 
6923 
6923 
6923 
6925 
6927 
6927 
6928 
6929 
6929 
6930 
6931 
6933 
6934 
6934 
6937 
6938 
6938 
6938 
6942 
6944 
6944 
6945 
6946 
6946 
6947 
6947 
6949 
6949 
6949 
695 
6950 
6950 
6952 
6952 
6952 
6955 
6956 
6956 
6957 
6958 
696 
6960 
6960 
6963 
6964 
6964 
6964 
6964 
6966 
6967 
6967 
6968 
697 
697 
6970 
6971 
6971 
6971 
6972 
6973 
6973 
6974 
6976 
6976 
6976 
6977 
6978 
6979 
698 
698 
6980 
6982 
6982 
6985 
6986 
6987 
6989 
6989 
699 
699 
699 
699 
699 
699 
699 
6990 
6990 
6990 
6991 
6992 
6992 
6996 
6998 
6999 
7 
70 
700 
7000 
7000 
7000 
7000 
7000 
7001 
7001 
7001 
7001 
7001 
7003 
7003 
7004 
7004 
7005 
7005 
7005 
7005 
7006 
7006 
7008 
7008 
7009 
7009 
7009 
701 
7010 
7010 
7010 
7013 
7017 
7017 
7017 
7018 
7018 
702 
702 
7023 
7023 
7024 
7024 
7025 
7025 
7025 
7027 
7027 
7027 
7029 
7029 
7029 
703 
7030 
7031 
7032 
7033 
7035 
7036 
7040 
7040 
7040 
7041 
7042 
7042 
7044 
7044 
7045 
7048 
7048 
7050 
7051 
7051 
7051 
7052 
7052 
7052 
7058 
7058 
706 
706 
706 
7060 
7060 
7061 
7061 
7061 
7062 
7062 
7063 
7063 
7064 
7067 
7067 
7068 
7069 
7069 
707 
7074 
7075 
7076 
7077 
7078 
7078 
7079 
7080 
7082 
7082 
7082 
7082 
7084 
7085 
7085 
7086 
7086 
7087 
7088 
7088 
7089 
7089 
709 
709 
7092 
7094 
7095 
7095 
7095 
7097 
7098 
71 
71 
71 
710 
7100 
7100 
7101 
7101 
7102 
7107 
7108 
7108 
7109 
7110 
7114 
7114 
7115 
7116 
7117 
7118 
7118 
7119 
7119 
7119 
7120 
7122 
7123 
7124 
7125 
7126 
7127 
7127 
7127 
7127 
7128 
713 
7130 
7130 
7132 
7133 
7134 
7135 
7135 
7136 
7139 
714 
714 
7142 
7142 
7144 
7145 
7145 
7145 
7146 
7146 
7146 
7146 
7147 
7147 
7149 
715 
715 
7150 
7151 
7152 
7156 
7157 
716 
7161 
7162 
7162 
7164 
7164 
7166 
7166 
7167 
7168 
717 
717 
7171 
7172 
7173 
7173 
7176 
7177 
7177 
718 
718 
7180 
7182 
7183 
7183 
7183 
7184 
7185 
7187 
7187 
7188 
7189 
7189 
7189 
7190 
7190 
7191 
7191 
7193 
7195 
7197 
7197 
7199 
72 
72 
7201 
7203 
7204 
7205 
7205 
7207 
721 
7212 
7212 
7212 
7213 
7214 
7214 
7215 
7219 
722 
7221 
7221 
7223 
7223 
7224 
7226 
7226 
7226 
7227 
7229 
7229 
723 
723 
7230 
7231 
7231 
7232 
7232 
7232 
7233 
7234 
7235 
7236 
7237 
7237 
7238 
7239 
7239 
7239 
724 
7240 
7240 
7240 
7242 
7243 
7243 
7244 
7247 
7248 
7249 
725 
7250 
7251 
7254 
7256 
7257 
726 
7260 
7261 
7261 
7266 
7267 
7269 
7269 
7270 
7271 
7271 
7274 
7274 
7274 
7275 
7275 
7278 
7278 
7280 
7281 
7282 
7285 
7289 
729 
729 
729 
7294 
7295 
7296 
7298 
7299 
7299 
73 
73 
7300 
7300 
7301 
7301 
7301 
7302 
7306 
7307 
7307 
7308 
7311 
7314 
7314 
7315 
7316 
7319 
7319 
7321 
7321 
7323 
7324 
7325 
7325 
7329 
733 
733 
7330 
7330 
7331 
7331 
7332 
7332 
7333 
7334 
7335 
7335 
7335 
7337 
7337 
7338 
7338 
7339 
7341 
7343 
7345 
7345 
7346 
7346 
7348 
7348 
7349 
735 
735 
7350 
7351 
7351 
7351 
7351 
7352 
7353 
7353 
7353 
7354 
7357 
7359 
736 
736 
7360 
7360 
7361 
7362 
7363 
7363 
7364 
7364 
7365 
7366 
7367 
7367 
7367 
7369 
7369 
737 
7370 
7370 
7370 
7374 
7374 
7377 
7377 
7378 
7378 
738 
738 
738 
7381 
7381 
7383 
7383 
7384 
7384 
7387 
7387 
7389 
739 
7391 
7391 
7391 
7393 
7394 
7395 
7396 
7397 
7397 
7398 
7399 
7399 
7399 
74 
740 
740 
7400 
7401 
7401 
7401 
7403 
7403 
7405 
7405 
7411 
7411 
7411 
7411 
7412 
7412 
7412 
7413 
7414 
7415 
7416 
7418 
7419 
742 
7421 
7423 
7424 
7426 
7426 
7426 
7427 
7427 
7428 
7429 
7429 
7430 
7431 
7432 
7433 
7433 
7436 
7436 
7437 
7437 
7438 
7438 
7439 
7439 
744 
744 
744 
744 
7441 
7441 
7441 
7442 
7444 
7444 
7444 
7444 
7445 
7445 
7445 
7448 
7448 
7449 
745 
7451 
7454 
7456 
7456 
7457 
7458 
7458 
7459 
7459 
7460 
7460 
7461 
7462 
7462 
7466 
7466 
7467 
7469 
747 
747 
7470 
7471 
7472 
7473 
7475 
7476 
7477 
7477 
7477 
748 
748 
748 
7481 
7481 
7484 
7484 
7487 
7488 
7489 
7491 
7492 
7492 
7492 
7492 
7493 
7494 
7496 
7497 
7498 
750 
750 
7504 
7504 
7504 
7506 
7508 
7508 
751 
7511 
7512 
7514 
7515 
7517 
7517 
7518 
752 
7522 
7525 
7527 
7528 
7528 
7529 
7529 
753 
753 
7531 
7533 
7534 
7537 
7539 
7540 
7540 
7540 
7540 
7542 
7543 
7543 
7547 
7547 
755 
7551 
7554 
7556 
7556 
7557 
7558 
7558 
7559 
7559 
7559 
756 
7560 
7560 
7560 
7564 
7565 
7566 
7566 
7570 
7574 
7575 
7576 
7577 
7577 
7578 
7578 
7580 
7581 
7584 
7584 
7588 
759 
759 
7593 
7593 
7593 
7594 
7595 
7596 
7596 
7598 
7598 
7599 
7599 
760 
7600 
7601 
7601 
7602 
7603 
7603 
7604 
7605 
7607 
7607 
7610 
7611 
7611 
7612 
7614 
7615 
7616 
7616 
7618 
762 
762 
762 
7622 
7622 
7624 
7624 
7625 
7625 
7629 
7629 
7630 
7632 
7632 
7633 
7634 
7634 
7635 
7636 
7637 
764 
764 
7641 
7642 
7642 
7643 
7643 
7647 
7648 
7649 
765 
7650 
7651 
7652 
7653 
7653 
7653 
7654 
7655 
7655 
7657 
7657 
7659 
766 
7660 
7660 
7660 
7661 
7662 
7663 
7663 
7665 
7666 
7666 
7667 
7668 
7668 
7669 
7670 
7671 
7672 
7674 
7674 
7676 
7677 
7678 
7679 
7682 
7682 
7683 
7683 
7683 
7684 
7685 
7686 
7686 
7689 
7689 
769 
7690 
7690 
7692 
7693 
7693 
7694 
7695 
7696 
7697 
7698 
7699 
7699 
7699 
7701 
7702 
7703 
7703 
7703 
7704 
7706 
7706 
7708 
771 
7711 
7712 
7712 
7713 
7713 
7714 
7715 
7717 
7717 
7719 
7720 
7720 
7721 
7722 
7722 
7724 
7724 
7725 
7725 
7727 
7728 
7729 
7729 
7729 
7729 
773 
7730 
7730 
7730 
7731 
7731 
7732 
7733 
7733 
7734 
7734 
7734 
7735 
7738 
7739 
7739 
7739 
774 
774 
774 
7741 
7741 
7743 
7743 
7743 
7743 
7743 
7745 
7745 
7745 
7746 
7746 
7748 
7748 
7749 
775 
775 
7751 
7751 
7754 
7755 
7758 
7759 
776 
7761 
7761 
7761 
7763 
7764 
7765 
7766 
7768 
7768 
777 
777 
777 
7770 
7772 
7772 
7773 
7775 
7776 
7777 
7779 
778 
778 
778 
7780 
7783 
7783 
7783 
7783 
7784 
7784 
7785 
7787 
7788 
7788 
7789 
779 
779 
7790 
7790 
7790 
7790 
7790 
7790 
7791 
7792 
7793 
7795 
7795 
7796 
7796 
7798 
7799 
780 
7800 
7801 
7801 
7801 
7804 
7808 
7808 
781 
781 
781 
7810 
7811 
7811 
7811 
7812 
7813 
7814 
7815 
7816 
7816 
7816 
7817 
7817 
7818 
7818 
7819 
782 
7821 
7821 
7822 
7824 
7826 
7826 
7826 
7826 
7827 
7829 
7829 
7829 
783 
7830 
7831 
7831 
7832 
7833 
7833 
7833 
7834 
784 
784 
7840 
7841 
7841 
7842 
7843 
7844 
7844 
7845 
7846 
7846 
7847 
7847 
7847 
7848 
7849 
7849 
785 
785 
785 
7851 
7852 
7852 
7854 
7854 
7856 
7856 
7856 
7858 
7859 
786 
7860 
7861 
7862 
7862 
7863 
7866 
7866 
7868 
7868 
7868 
7869 
787 
787 
7871 
7873 
7873 
7873 
7874 
7877 
7877 
7878 
7880 
7881 
7882 
7884 
7885 
7885 
7888 
7889 
7890 
7892 
7894 
7899 
79 
79 
790 
7900 
7901 
7901 
7902 
7903 
7904 
7904 
7904 
7906 
7909 
791 
791 
7912 
7912 
7912 
7913 
7914 
7915 
7916 
7916 
7916 
792 
7920 
7921 
7922 
7923 
7923 
7925 
7927 
7928 
7928 
7928 
7929 
7929 
793 
793 
7930 
7931 
7932 
7933 
7936 
7936 
7937 
7937 
7937 
7937 
7938 
7938 
7938 
7938 
7939 
7939 
7942 
7943 
7944 
7944 
7945 
7946 
7948 
795 
7950 
7952 
7952 
7952 
7952 
7955 
7956 
7957 
7957 
7959 
7959 
7960 
7961 
7961 
7967 
7967 
7968 
7968 
7968 
7969 
7970 
7971 
7971 
7972 
7974 
7974 
7975 
7975 
7975 
7976 
7976 
7977 
7977 
7978 
7979 
798 
7981 
7981 
7982 
7982 
7983 
7983 
7984 
7985 
7989 
7990 
7990 
7992 
7993 
7995 
7996 
7997 
7997 
7997 
7999 
80 
80 
800 
8000 
8000 
8001 
8003 
8003 
8003 
8004 
8004 
8008 
801 
801 
8010 
8014 
8017 
8017 
8018 
8019 
802 
802 
8020 
8020 
8023 
8025 
8027 
8028 
8028 
8029 
8029 
8032 
8032 
8032 
8034 
8035 
8036 
804 
804 
804 
8040 
8042 
8042 
8044 
8044 
8045 
8046 
8047 
8047 
8047 
8047 
805 
805 
805 
8050 
8050 
8051 
8052 
8052 
8053 
8053 
8054 
8056 
8057 
8057 
8058 
8058 
8059 
8059 
8059 
806 
806 
8060 
8060 
8061 
8062 
8066 
8066 
8068 
807 
8072 
8072 
8073 
8073 
8075 
8075 
8076 
8076 
8076 
8079 
8079 
8080 
8080 
8080 
8081 
8081 
8081 
8082 
8083 
8084 
8086 
8086 
8086 
8088 
809 
809 
809 
8090 
8091 
8092 
8096 
8099 
81 
81 
810 
8100 
8101 
8103 
8103 
8104 
8105 
8106 
8107 
8107 
8107 
8108 
8108 
8109 
8110 
8110 
8111 
8111 
8113 
8113 
8113 
8114 
8114 
8115 
8116 
8116 
8116 
8119 
8119 
8120 
8121 
8122 
8123 
8128 
8128 
813 
8130 
8131 
8131 
8132 
8135 
8136 
8137 
8138 
8138 
814 
8140 
8141 
8144 
8147 
8149 
8149 
815 
815 
815 
8150 
8150 
8150 
8150 
8150 
8151 
8151 
8152 
8157 
8157 
8160 
8160 
8160 
8161 
8161 
8161 
8161 
8166 
8168 
8169 
817 
8170 
8171 
8171 
8173 
8173 
8174 
8175 
8175 
8175 
8175 
8176 
8176 
8176 
8176 
8177 
8177 
8178 
8178 
8179 
8179 
818 
8180 
8181 
8181 
8182 
8182 
8182 
8184 
8185 
8186 
8188 
8191 
8192 
8192 
8192 
8194 
8199 
82 
820 
8201 
8201 
8201 
8201 
8202 
8202 
8203 
8204 
8205 
8205 
8205 
8206 
8207 
8207 
8207 
8207 
821 
821 
821 
8211 
8211 
8211 
8212 
8212 
8213 
8213 
8215 
8216 
8216 
8217 
8217 
8218 
822 
8220 
8222 
8222 
8222 
8223 
8223 
8227 
8228 
8229 
8235 
8236 
8236 
8236 
8237 
8237 
8238 
8238 
824 
8240 
8242 
8242 
8243 
8243 
8244 
8245 
825 
825 
8250 
8250 
8252 
8252 
8253 
8254 
8254 
8255 
8255 
8256 
8256 
8257 
8258 
8258 
8259 
826 
8261 
8262 
8262 
8262 
8263 
8263 
8264 
8266 
8267 
8268 
8268 
8269 
827 
827 
827 
827 
8270 
8270 
8274 
8277 
8278 
8278 
828 
8280 
8282 
8285 
8285 
8285 
8287 
8287 
8288 
8289 
8290 
8291 
8291 
8292 
8293 
8294 
8294 
8296 
8297 
8298 
8299 
8299 
830 
8302 
8302 
8303 
8303 
8303 
8304 
8304 
8305 
8305 
8308 
831 
8310 
8310 
8312 
8312 
8314 
8315 
8315 
8316 
8316 
8317 
8318 
832 
832 
8320 
8321 
8321 
8322 
8323 
8324 
8324 
8325 
8326 
8326 
8328 
8328 
8329 
833 
8330 
8332 
8334 
8335 
8337 
8337 
8338 
8339 
8339 
834 
834 
834 
8340 
8341 
8342 
8342 
8343 
8344 
8346 
8348 
8348 
8349 
8349 
8349 
835 
8353 
8354 
8354 
8355 
8355 
8356 
8356 
8357 
836 
8365 
8366 
8366 
8366 
8366 
8367 
8367 
8368 
8368 
8369 
8369 
8370 
8370 
8371 
8371 
8374 
8374 
8374 
8375 
8375 
8375 
8375 
8375 
8376 
8377 
8378 
8378 
8379 
838 
838 
8380 
8380 
8380 
8381 
8381 
8383 
8383 
8383 
8385 
8385 
8385 
8386 
8387 
8388 
8388 
8389 
8389 
8389 
8389 
839 
8390 
8392 
8393 
8393 
8395 
8397 
8398 
8399 
8399 
84 
8402 
8403 
8404 
8405 
8405 
8406 
8406 
8406 
8407 
8407 
8407 
841 
8410 
8411 
8412 
8416 
8417 
8419 
8419 
8420 
8421 
8422 
8423 
8424 
8425 
8426 
8427 
8427 
8429 
8429 
843 
8430 
8431 
8431 
8433 
8433 
8433 
8434 
8437 
8438 
8438 
8439 
8439 
844 
8440 
8442 
8443 
8444 
8444 
8445 
8446 
8446 
8447 
8447 
8447 
8448 
8448 
8448 
8448 
845 
8451 
8451 
8451 
8453 
8454 
8454 
8455 
8456 
8457 
8457 
8457 
8457 
8458 
8458 
8459 
846 
846 
8460 
8460 
8461 
8461 
8463 
8465 
8465 
8465 
8465 
8466 
8468 
8469 
8469 
8469 
8470 
8471 
8474 
8475 
8476 
8477 
8477 
8478 
8478 
8478 
8479 
8482 
8482 
8483 
8484 
8486 
8487 
8489 
8489 
849 
849 
849 
8491 
8492 
8493 
8495 
8496 
8498 
85 
850 
850 
8501 
8502 
8503 
8503 
8504 
8505 
8506 
8507 
8508 
8508 
8509 
8511 
8512 
8512 
8512 
8513 
8514 
8516 
8516 
8516 
8517 
8518 
8518 
852 
8520 
8520 
8520 
8521 
8521 
8524 
8524 
8525 
8525 
8526 
8526 
8527 
8527 
8527 
8528 
8529 
853 
8530 
8531 
8531 
8531 
8532 
8532 
8533 
8534 
8534 
8535 
8536 
8537 
8537 
8537 
8538 
8538 
8539 
854 
8542 
8546 
8547 
855 
855 
855 
8551 
8551 
8553 
8554 
8555 
8557 
8558 
8559 
8559 
8561 
8565 
8568 
8568 
8569 
8569 
8572 
8572 
8576 
8577 
8579 
858 
8582 
8583 
8584 
8585 
8585 
8587 
8588 
8588 
859 
8590 
8591 
8591 
8592 
8593 
8594 
8595 
8597 
8597 
8598 
8599 
8599 
86 
86 
860 
8601 
8602 
8602 
8605 
8605 
8605 
8605 
8607 
8608 
8609 
8611 
8611 
8611 
8612 
8612 
8613 
8613 
8614 
8615 
8615 
8616 
8616 
8617 
8619 
8621 
8623 
8624 
8624 
8625 
8625 
8628 
8629 
8629 
8630 
8631 
8632 
8632 
8632 
8633 
8634 
8634 
8636 
8637 
8639 
864 
864 
8641 
8642 
8644 
8644 
8647 
8647 
8648 
8649 
8649 
8650 
8651 
8652 
8653 
8653 
8655 
8656 
8657 
8658 
8659 
8659 
8661 
8662 
8664 
8666 
8666 
8667 
867 
867 
867 
8670 
8670 
8670 
8670 
8671 
8673 
8674 
8674 
8675 
8676 
8679 
8679 
8679 
868 
8680 
8681 
8682 
8683 
8683 
8683 
8685 
8686 
8686 
8687 
8687 
8687 
8688 
8688 
8689 
8691 
8691 
8692 
8692 
8693 
8693 
8695 
8695 
8695 
8695 
8696 
8698 
870 
8700 
8700 
8701 
8701 
8701 
8702 
8703 
8704 
8704 
8704 
8705 
8705 
8706 
8707 
8707 
8707 
8708 
8709 
871 
8710 
8710 
8711 
8712 
8714 
8715 
8716 
8716 
8716 
8717 
8717 
872 
8720 
8720 
8720 
8722 
8724 
8724 
8724 
8726 
8727 
8728 
873 
8730 
8732 
8734 
8737 
8738 
8738 
8739 
8740 
8741 
8741 
8742 
8746 
8746 
8747 
8750 
8751 
8751 
8752 
8752 
8753 
8753 
8753 
8754 
8756 
8757 
8757 
8757 
8757 
8758 
8760 
8761 
8761 
8763 
8764 
8766 
8767 
877 
8772 
8772 
8774 
8774 
8774 
8774 
8775 
8775 
8778 
8778 
8780 
8782 
8782 
8783 
8784 
8784 
8785 
8785 
8786 
8788 
8791 
8793 
8794 
8796 
8796 
8796 
8797 
8797 
8799 
88 
880 
8801 
8801 
8803 
8804 
8805 
8807 
8807 
8807 
8807 
8810 
8811 
8811 
8813 
8813 
8815 
8819 
8819 
8819 
882 
8820 
8821 
8825 
8827 
8828 
8829 
8829 
883 
8831 
8831 
8832 
8832 
8832 
8833 
8834 
8835 
8835 
8836 
8836 
8839 
8839 
884 
8840 
8840 
8841 
8847 
8850 
8851 
8853 
8853 
8854 
8854 
8857 
8857 
8857 
8857 
8859 
8859 
8859 
8860 
8860 
8861 
8861 
8861 
8862 
8863 
8864 
8865 
8866 
8866 
8867 
8867 
8867 
8867 
8868 
8869 
887 
8870 
8870 
8871 
8871 
8871 
8872 
8872 
8874 
8877 
8878 
8878 
8880 
8880 
8883 
8883 
8883 
8884 
8885 
8886 
8886 
8886 
8887 
8890 
8890 
8891 
8892 
8895 
8896 
8896 
8897 
8897 
890 
890 
8900 
8900 
8901 
8903 
8904 
8904 
8905 
8905 
8906 
8907 
8908 
8908 
8908 
8909 
891 
891 
8910 
8911 
8911 
8912 
8913 
8913 
8913 
8916 
8918 
8919 
8919 
892 
8920 
8921 
8921 
8924 
8924 
8924 
8929 
893 
8930 
8931 
8932 
8933 
8933 
8934 
8934 
8934 
8936 
8938 
8938 
8938 
8940 
8940 
8942 
8942 
8943 
8943 
8945 
8945 
8946 
8946 
8947 
8947 
8947 
895 
8952 
8953 
8954 
8956 
8959 
896 
8964 
8965 
8965 
8965 
8965 
8967 
8968 
8969 
8969 
8969 
8969 
8970 
8970 
8972 
8973 
8973 
8974 
8974 
8975 
8975 
8976 
8976 
8977 
8977 
8978 
898 
8980 
8980 
8983 
8983 
8984 
8986 
8987 
8988 
8988 
8988 
8990 
8991 
8991 
8992 
8992 
8994 
8995 
8995 
8997 
8997 
8999 
90 
90 
900 
9000 
9001 
9001 
9001 
9001 
9004 
9005 
9005 
9006 
9007 
9009 
901 
9010 
9010 
9013 
9014 
9018 
9021 
9022 
9024 
9025 
9025 
9026 
9028 
9028 
9029 
9029 
903 
9035 
9036 
9036 
9036 
9038 
9039 
904 
9040 
9040 
9041 
9041 
9041 
9042 
9042 
9043 
9043 
9044 
9044 
9044 
9046 
9048 
9048 
9049 
9050 
9051 
9054 
9058 
9058 
9058 
906 
906 
9061 
9061 
9061 
9061 
9063 
9063 
9063 
9065 
9066 
9067 
9067 
907 
907 
9071 
9071 
9071 
9071 
9072 
9074 
9075 
9077 
9079 
908 
908 
9080 
9080 
9081 
9082 
9083 
9084 
9084 
9084 
9085 
9085 
9086 
9089 
9089 
909 
909 
9090 
9091 
9092 
9092 
9093 
9096 
9096 
9097 
9098 
910 
910 
9100 
9102 
9102 
9103 
9104 
9104 
9104 
9104 
9105 
9107 
9108 
9108 
9109 
911 
9110 
9111 
9113 
9113 
9115 
9116 
9117 
9118 
912 
912 
9120 
9120 
9121 
9122 
9123 
9123 
9123 
9123 
9124 
9125 
9125 
9125 
9126 
9127 
9129 
913 
9130 
9130 
9130 
9131 
9131 
9131 
9132 
9133 
9133 
9134 
9134 
9134 
9135 
9135 
9136 
9137 
9139 
914 
9140 
9140 
9141 
9143 
9143 
9143 
9143 
9143 
9145 
9146 
9147 
9148 
9149 
915 
9150 
9151 
9151 
9152 
9152 
9153 
9153 
9155 
9156 
9157 
9157 
916 
9160 
9161 
9161 
9162 
9163 
9165 
9165 
9165 
9166 
9170 
9175 
9177 
9177 
9177 
9178 
9178 
9178 
9181 
9184 
9185 
919 
9190 
9190 
9193 
9194 
9195 
9195 
920 
9200 
9200 
9200 
9201 
9205 
9206 
9207 
9208 
9209 
9210 
9211 
9212 
9212 
9213 
9214 
9215 
9216 
9216 
9217 
9218 
9218 
9219 
922 
9222 
9223 
9223 
9223 
9223 
9223 
9224 
9224 
9224 
9224 
9225 
9225 
9228 
9229 
9229 
9232 
9232 
9233 
9234 
9235 
9235 
9236 
9236 
9236 
9237 
9238 
9238 
924 
9243 
9244 
9245 
9246 
9248 
9249 
9249 
9249 
9249 
925 
9250 
9251 
9253 
9254 
9254 
9255 
9256 
9256 
9256 
9257 
9257 
9257 
9257 
9258 
9259 
9262 
9263 
9263 
9265 
9268 
927 
9271 
9272 
9274 
9276 
9276 
9277 
928 
928 
9281 
9281 
9282 
9283 
9284 
9285 
9286 
9288 
929 
9290 
9290 
9291 
9292 
9293 
9294 
9296 
9297 
9298 
93 
93 
930 
9300 
9300 
9301 
9301 
9302 
9302 
9302 
9304 
9306 
9306 
9306 
9306 
9306 
9307 
9308 
9310 
9310 
9311 
9311 
9312 
9312 
9312 
9312 
9313 
9314 
9316 
9316 
9320 
9321 
9322 
9322 
9324 
9325 
9327 
9328 
9328 
933 
9331 
9334 
9335 
9335 
9337 
9338 
9338 
934 
9340 
9340 
9344 
9344 
9345 
9346 
9347 
935 
935 
9351 
9352 
9354 
9354 
9354 
9355 
9355 
9355 
9356 
9357 
9358 
9361 
9361 
9362 
9362 
9365 
9369 
9372 
9372 
9373 
9373 
9374 
9374 
9375 
9375 
9377 
9379 
9379 
938 
938 
9381 
9382 
9386 
9386 
9389 
9389 
939 
9392 
9392 
9393 
9394 
9396 
9399 
9399 
9399 
94 
9400 
9400 
9402 
9403 
9405 
9408 
9408 
9409 
941 
9410 
9412 
9413 
9414 
9415 
9416 
9416 
9417 
9418 
9419 
9419 
9420 
9421 
9421 
9421 
9422 
9423 
9423 
9425 
9426 
9429 
9429 
9429 
943 
943 
9430 
9431 
9431 
9431 
9432 
9433 
9436 
9437 
9437 
9438 
9439 
9441 
9442 
9443 
9446 
9447 
9448 
9448 
9449 
9449 
9449 
9449 
9449 
9450 
9455 
9457 
9457 
9460 
9462 
9462 
9462 
9463 
9464 
9465 
9466 
9466 
9467 
9472 
9472 
9472 
9472 
9474 
9477 
9478 
9479 
9481 
9481 
9483 
9484 
9486 
9486 
9487 
949 
949 
949 
9490 
9493 
9493 
9495 
9497 
9498 
9498 
9498 
9499 
95 
950 
9500 
9501 
9501 
9501 
9503 
9504 
9504 
9505 
9507 
9507 
9508 
9509 
9510 
9511 
9511 
9515 
9516 
9517 
952 
952 
952 
9521 
9523 
9524 
9525 
9525 
9528 
9529 
953 
953 
9530 
9531 
9533 
9535 
9539 
9539 
9539 
9539 
9539 
954 
954 
954 
9540 
9540 
9543 
9544 
9544 
9547 
9547 
9548 
9549 
9550 
9551 
9551 
9551 
9551 
9551 
9552 
9552 
9554 
9556 
9556 
9556 
9558 
9558 
9559 
956 
956 
956 
9560 
9562 
9564 
9564 
9566 
9566 
9569 
9569 
9570 
9572 
9574 
9574 
9577 
9577 
9578 
9578 
9581 
9582 
9583 
9583 
9585 
9587 
9589 
9589 
9590 
9592 
9592 
9593 
9594 
9601 
9603 
9603 
9604 
9605 
9605 
9606 
961 
9610 
9610 
9612 
9614 
9616 
9618 
9619 
962 
9620 
9624 
9624 
9625 
9625 
9628 
963 
9630 
9630 
9631 
9632 
9632 
9635 
9635 
9636 
9637 
9637 
9638 
9638 
9638 
964 
9640 
9642 
9644 
9645 
9645 
9646 
9647 
9648 
9648 
965 
965 
965 
9651 
9651 
9655 
9655 
9657 
9657 
9660 
9664 
9665 
9666 
9667 
9667 
9668 
9668 
9669 
9670 
9670 
9671 
9671 
9672 
9672 
9672 
9672 
9674 
9675 
9678 
9678 
9678 
9679 
968 
968 
968 
9682 
9682 
9684 
9687 
9688 
9689 
9689 
9690 
9691 
9691 
9692 
9692 
9693 
9693 
9693 
9694 
9697 
9699 
97 
97 
97 
9701 
9701 
9702 
9703 
9709 
9710 
9711 
9711 
9711 
9712 
9713 
9714 
9714 
9715 
9719 
9719 
972 
972 
9721 
9722 
9723 
9723 
9725 
9725 
9727 
9728 
973 
9730 
9731 
9731 
9734 
9735 
9735 
9737 
9738 
9739 
974 
9740 
9741 
9744 
9745 
9745 
9745 
9747 
9747 
9749 
9750 
9750 
9750 
9750 
9751 
9752 
9753 
9753 
9755 
9757 
9758 
9759 
9760 
9761 
9761 
9763 
9763 
9765 
9765 
9766 
977 
9770 
9770 
9773 
9774 
9774 
9775 
9776 
9776 
9776 
9777 
9777 
9779 
9779 
978 
978 
9780 
9781 
9782 
9784 
9787 
979 
979 
9791 
9793 
9794 
9794 
9795 
9795 
9795 
9796 
9797 
9797 
9798 
98 
98 
980 
9800 
9801 
9801 
9802 
9802 
9803 
9805 
9805 
9805 
9806 
9809 
981 
981 
9810 
9810 
9811 
9814 
9816 
9818 
982 
9820 
9821 
9823 
9825 
9826 
9826 
9826 
9826 
9829 
9829 
9829 
983 
9831 
9831 
9832 
9832 
9833 
9834 
9838 
9838 
9839 
9839 
984 
984 
9841 
9841 
9843 
9843 
9844 
9844 
9844 
9845 
9845 
9846 
9846 
9847 
9849 
9850 
9851 
9854 
9854 
9855 
9856 
9856 
9856 
9856 
9857 
9859 
9860 
9860 
9861 
9863 
9864 
9865 
9865 
9866 
9867 
9867 
9869 
9869 
9871 
9873 
9873 
9874 
9874 
9875 
9876 
9877 
9877 
9877 
9878 
9879 
988 
988 
988 
9880 
9880 
9881 
9882 
9884 
9885 
9886 
9886 
9887 
9888 
9888 
9889 
989 
9890 
9891 
9891 
9892 
9892 
9893 
9894 
9894 
9896 
9897 
9897 
9898 
9898 
9899 
990 
9900 
9900 
9900 
9901 
9902 
9902 
9903 
9903 
9905 
9906 
9907 
9907 
9908 
9910 
9910 
9913 
9913 
9914 
9914 
9916 
9916 
9918 
9918 
9919 
992 
9920 
9922 
9923 
9924 
9924 
9924 
9927 
9927 
9928 
993 
993 
993 
9931 
9932 
9932 
9933 
9933 
9935 
9936 
9936 
9936 
9936 
9937 
994 
994 
994 
9940 
9941 
9941 
9941 
9941 
9943 
9945 
9946 
9947 
9949 
9949 
9950 
9951 
9951 
9951 
9952 
9952 
9954 
9957 
9958 
9959 
996 
996 
9960 
9962 
9964 
9965 
9967 
9967 
9970 
9970 
9973 
9976 
9976 
9978 
9978 
998 
9980 
9982 
9983 
9984 
9984 
9986 
9987 
9987 
9993 
9995 
9995 
9996 
9996 
9996 
9997 
9998 
