5000
3491
4745
1421
87
2340
1935
1330
608
650
1163
1754
3490
743
4304
2094
4692
864
3556
1995
4435
900
998
3804
2963
3365
4438
1504
3648
1126
1980
3231
3995
4604
3976
721
1336
2439
2288
314
1264
855
3031
1357
3108
3196
223
4129
2982
2389
4003
639
1222
296
3356
2913
2245
4206
4496
4620
1134
1943
2348
3159
2491
3328
3789
555
3361
1974
2577
2774
3270
2658
2130
3333
666
743
3588
3288
1331
1397
2827
979
539
2578
1341
1138
2018
2034
2168
4211
3009
4791
3285
3011
976
3880
2138
64
3751
3255
1236
245
1175
3184
965
4577
2520
4543
2071
2297
245
4800
1459
4541
1887
4629
1237
4273
3120
419
2185
3305
1295
4150
4063
3520
4997
3365
1430
657
1420
236
4897
278
4609
4950
3992
1752
3855
4896
4045
2399
2810
2398
782
115
1095
4969
2530
4126
1468
3324
1232
4699
1840
3638
4658
3935
2677
1780
3523
1008
1612
3508
3401
1438
3278
863
2623
1285
3686
1242
3587
3350
4689
1884
1131
3758
320
3762
2910
3521
3059
101
2944
951
4321
1018
747
2023
4721
2014
4732
2055
899
305
4787
3309
1965
4221
221
4369
4851
2161
475
3426
4124
3841
2296
3793
3050
2813
3271
1298
3966
493
2913
4388
2245
3189
3712
4064
4408
4844
821
2005
2180
4501
301
1486
535
3712
2103
1964
4022
376
194
4413
1934
1743
3521
806
4096
564
2707
2311
340
4634
3682
2102
2943
1195
637
4856
2597
3939
2011
1326
4684
1610
4391
2585
3927
3416
538
4793
1695
2749
3929
1618
1517
1952
3499
2651
4602
2101
3519
2433
3411
3049
4746
950
2579
217
4310
2710
2725
859
2973
2757
3966
3788
4707
4233
2161
2801
4751
3347
2196
282
3568
3860
3849
3726
382
4448
2037
4149
1208
3549
4488
1651
2557
2555
1140
4578
3220
4454
806
53
2832
1297
1910
4829
2103
74
334
1728
916
2881
3679
3120
1704
3474
2485
4208
1769
3581
200
75
4481
3563
4957
1746
516
3305
2446
2743
1563
433
435
3863
168
4216
1729
172
635
4770
3620
447
2164
3417
3126
545
1633
1313
3556
3434
4717
4700
4217
4885
245
1391
1281
32
3979
4355
4142
2316
4234
4505
2783
2519
3011
1046
2963
1892
2565
3995
2274
4601
3576
4742
1345
982
2352
1744
773
4332
734
4721
542
226
3613
1967
3
3594
255
1625
2701
41
1833
4046
1598
4144
3847
3585
1481
3707
3355
4441
1626
222
2188
1409
2977
1998
3564
2649
424
2719
780
2826
1958
4386
2898
1240
2744
4910
3607
799
3427
1805
665
4946
3208
4750
4613
898
4480
976
1672
3814
2086
3731
1989
2735
1485
298
673
426
1376
2301
270
461
2576
2295
4620
1175
1201
1848
249
2329
449
2633
2734
1610
1519
3241
1701
4315
483
698
4385
838
4142
1943
3921
2805
4166
1728
4786
4989
74
4679
4072
1340
2834
520
3499
4753
2153
2666
3350
1432
1726
1693
751
1962
3015
1410
954
2432
4345
1511
1567
250
3360
2062
878
468
2142
1275
2716
4769
540
4341
1507
1441
4501
2273
2459
969
2454
1014
3031
3090
4044
2292
3127
2437
1757
3941
2670
1110
2246
3697
1494
2804
383
1682
2709
4339
362
3069
1974
1710
4375
3667
1348
4008
669
2403
2628
4835
4036
933
1368
2051
3017
1878
3979
2989
4386
3410
1599
3475
1694
4176
644
269
933
3787
1214
2799
2606
376
780
1272
758
2927
1822
4551
764
2402
3336
2378
3911
1851
2387
2828
3089
2039
3125
2088
120
283
1945
4920
1529
1509
3700
432
812
1755
148
3994
1480
605
3053
2434
1447
283
610
844
536
401
2117
641
4168
3592
2069
4701
2531
3506
1086
1716
754
2915
2364
3103
1914
898
3546
2091
896
4352
218
837
3420
308
3416
2685
777
1785
4844
2930
2064
1172
4707
2682
1975
1365
3349
1714
3441
1148
4089
2374
664
2554
965
2948
4344
4186
1271
64
2143
734
4085
1004
3689
173
2197
3035
662
1377
1110
3113
3757
1130
47
2576
4577
775
1113
2678
1747
3976
4061
3078
1802
3338
313
1645
1640
4857
1167
183
586
450
1363
1940
1377
32
424
3006
592
890
449
967
350
3326
278
412
4297
2813
2202
1168
2203
141
3633
1358
3699
2294
2422
3647
2952
3034
727
4294
2339
3438
3618
852
4404
3857
4831
638
2638
49
3353
3329
2906
2456
748
2296
3537
3863
409
528
3394
1934
1140
3261
3462
4341
3763
676
3757
482
650
262
3593
26
4370
4716
4517
4759
2853
2485
1448
1468
4766
4303
3819
4854
6
349
4778
701
1480
3863
2730
790
619
3350
780
2289
256
1718
863
605
4836
1964
616
935
4092
272
2293
4992
2630
3616
4246
651
4090
257
1807
3496
4803
2706
576
490
3116
4046
1452
2279
1810
4702
2917
1837
2278
3024
2402
3450
389
4296
4756
2275
210
4025
2134
948
3003
2619
839
995
174
4827
1919
2997
95
3521
3569
786
4968
3717
4627
1117
158
3912
4717
1578
4657
3113
2838
703
2617
3168
2437
545
2104
2246
2272
3163
3518
1595
3607
3784
1324
3912
532
4615
4041
2961
1471
4536
3643
280
1150
1158
1809
1088
3600
2991
1675
2767
2960
692
28
504
163
2639
1106
973
4768
1310
4424
1160
2511
3195
299
678
350
1247
3002
2210
2073
76
2700
904
3747
396
3614
4856
4566
449
2066
35
4887
3383
4337
4247
4515
838
502
1009
510
4204
1672
447
89
1296
4310
558
405
2430
1544
3467
3246
1133
2650
2524
3969
968
3124
2356
192
1214
4018
232
2067
385
460
3352
2153
2815
529
2921
4213
4803
1916
2104
1459
3045
20
1247
1058
4344
2434
4946
2939
1826
959
1842
2195
4149
3598
4244
635
440
173
936
4273
4947
1516
2794
4815
1633
3381
2043
4422
202
2514
2296
4314
1290
3548
2710
3999
4808
1643
879
4179
1664
2046
325
2636
356
3993
4691
3627
1170
2624
1995
2608
1958
3828
3559
4315
746
3201
3475
3509
1638
1528
702
3928
1770
465
2173
2243
3281
3346
1510
71
545
2281
4204
3327
4147
3972
1386
4481
4339
2918
518
4504
2949
1922
2653
2549
3999
1088
2083
2676
4490
2721
517
3151
3116
794
4132
137
864
4919
3101
3797
3759
4989
4478
1132
4220
3902
530
1087
3772
2057
884
3720
1091
3526
3093
1489
626
94
2495
1950
3276
561
3453
2413
1846
4012
346
3353
298
1944
2930
3618
1988
448
1910
1745
3414
4850
1844
3914
1184
492
4733
343
1194
4573
3915
3183
255
221
4110
188
1654
217
4734
4721
2374
4049
4840
3893
964
3203
4290
2875
1302
889
2030
4687
3708
3589
3561
1006
1183
3132
975
788
4711
4198
171
4762
2901
3428
1089
76
2425
2564
3105
660
1999
4288
3905
86
3886
685
1488
4983
3163
496
132
3306
1223
2594
2430
2989
1264
4336
784
2799
4734
4739
2925
3431
3971
3625
2360
3127
2529
4177
821
3394
915
2566
1097
1589
1726
4577
4850
3439
4423
406
1276
4779
1218
42
3718
3065
1816
2917
2597
448
997
1738
4260
1474
4263
1676
1616
4681
3046
2336
3657
3663
2203
1171
2239
4389
3787
3274
715
1817
2326
3709
289
113
3094
4815
1206
2014
1117
2140
2121
4134
4874
3938
2274
1255
4966
398
2315
3908
4199
25
902
4789
1839
1848
419
800
1014
3371
1437
3767
4505
448
1762
4139
395
1497
2190
3196
334
4725
2326
586
4379
3288
1080
214
2659
4560
2683
3805
350
929
359
2668
3685
790
990
4462
992
4667
389
3020
3984
2620
53
520
802
376
2482
2548
3529
2844
3449
2858
4167
4938
806
870
4310
886
709
1199
0
4437
3350
777
4497
3648
1570
347
2946
166
1957
3385
4179
4174
4284
1746
1139
2442
1411
3584
2651
3122
2990
336
534
2242
2597
820
2281
3051
4149
1742
795
641
4710
170
3920
523
2045
4753
2742
1071
1542
3746
3894
1014
3345
4133
2368
4389
1821
2398
2541
1638
718
3732
1417
1757
3612
2739
4322
1685
525
4916
4517
337
2790
4479
4491
970
4565
306
2887
1793
564
3068
2327
995
889
2828
4596
3614
70
2660
929
3924
3665
86
1392
3244
2029
4381
3574
4371
2123
4032
2092
22
4458
4914
1634
3997
3546
959
2528
4942
1454
394
4063
3925
335
1806
2065
3217
1034
621
3439
4964
1130
2767
1678
4666
2037
3577
3570
643
996
1228
3584
1900
96
263
3669
3065
669
1997
2453
1333
2663
4844
4081
1568
4871
3867
3163
2001
3102
107
3582
4196
4679
1471
132
2188
3844
3237
3233
1991
3962
2469
3201
3873
3603
1894
1803
1090
4881
30
92
4985
3655
616
2748
2638
2445
642
416
4472
3182
2525
2762
511
3139
2223
1253
181
3672
1348
1875
1856
2606
2550
4287
4550
2392
3751
133
438
2395
2996
4512
3118
4911
1988
824
2803
776
2591
490
840
1694
1858
272
2253
2608
2377
1181
1217
3760
975
4202
633
3276
93
4331
3243
2393
2356
651
2930
1690
163
1424
1157
2925
3314
4456
4686
2346
3998
4192
2016
2577
4668
3298
2220
1446
612
2696
1072
2361
264
306
671
2088
2549
4961
4964
3052
1812
3234
4840
3510
2125
3178
2729
211
4027
185
2860
4402
2979
1472
4618
3283
95
1913
2662
281
1938
219
3724
3745
2436
675
1270
4923
1197
1944
431
2328
3796
654
1896
863
807
3766
4664
295
3639
4943
3853
3958
1477
1417
962
4780
4857
4084
282
2004
2693
4811
1356
3196
791
1183
3684
2426
1144
189
1064
1700
2566
3572
4276
4027
4458
3819
1996
2720
1738
1049
1147
2793
262
2257
4072
1554
3250
668
1237
1773
542
4174
4354
2016
3707
3096
1122
10
1323
3748
3988
1157
4958
539
1614
540
2659
610
2962
3045
2992
1216
174
2452
3934
1362
2672
1604
2150
410
1136
2014
4479
2651
1304
2520
4642
3073
3743
2853
4500
809
2027
4209
385
2997
2997
210
1317
3051
4001
2843
2147
3546
3323
4246
919
243
1190
1445
1008
4949
43
2413
4824
1225
3999
3041
2129
3161
3661
898
2264
3703
3713
2879
838
280
1963
110
2668
1696
4756
4705
4025
1532
4934
4250
3472
4550
4758
1109
1854
3813
2474
4928
3228
2521
2433
2926
4780
798
4943
3853
34
3903
3278
2705
887
4611
1506
4576
276
3739
3074
2235
3530
4058
1299
3306
2678
4077
4209
4142
4299
4420
2397
3778
2669
802
4803
2538
1288
3813
3609
1193
2060
2020
657
2742
2680
1104
4072
212
4033
3015
4
55
639
398
665
2021
3448
2755
1082
2607
528
2081
3235
449
2453
1973
2511
3257
421
425
2632
2158
1415
2808
1489
560
942
2764
1558
888
159
0
4797
3802
413
217
3232
769
4521
3657
2616
2082
307
4995
2863
3694
3214
3581
160
2475
1025
4246
1937
754
4
159
2118
2246
2979
485
317
2737
1201
1809
4910
126
2986
3571
1153
4687
3465
3997
1757
1660
978
4252
3611
4529
1914
4812
558
3604
2027
4276
3406
752
3558
2108
4588
2400
3672
3055
1154
4161
1037
2200
1001
1697
3573
905
3533
3681
1675
129
2149
3950
2464
3835
2258
1238
1843
1493
4714
1070
2429
4905
868
690
1637
830
1647
4140
482
2150
4327
824
4871
1569
1932
2198
2466
3057
1431
2420
4377
2550
3145
79
2263
615
41
4370
2621
1092
1841
312
1312
918
111
3870
2630
2639
1748
4098
3446
2337
4547
659
4236
1955
4767
1328
36
1254
2860
338
622
893
4795
4685
453
4355
2646
1739
193
2716
4357
2789
2837
2485
3873
3359
3753
2991
4044
2422
182
1074
979
3863
1991
2036
4774
4802
1732
2114
2784
1639
3290
3935
2858
925
4690
2707
216
3425
1836
2116
2880
973
1241
171
1846
1993
1050
1484
3394
2777
884
3709
2241
2898
2327
2132
425
4349
3079
2646
3122
287
4089
4594
3792
471
207
1216
2343
1773
1150
1679
1234
3352
840
4929
674
2370
4393
1855
359
2343
3325
3482
1402
2493
760
4202
3394
2717
4684
248
2746
15
3557
4927
4759
3511
4816
3317
3076
1394
3068
437
1443
4429
1027
3105
3955
1856
2483
1980
1201
1813
2856
1523
988
4642
4135
1847
3558
3665
2228
2712
2479
4322
1058
1131
3626
3746
3908
334
915
4166
3849
4060
3738
4725
1275
1432
2242
2581
2848
3879
2890
400
2407
1851
2974
3604
625
307
3997
1973
1474
3216
101
1471
4784
3546
3960
3397
450
1482
3812
4232
1080
4860
1549
774
1134
2038
3037
1441
1846
3711
3095
829
2483
1378
3791
905
4731
1465
995
3432
3259
334
341
4490
1756
1651
34
3196
4989
3869
4176
2998
3676
1788
1512
127
232
2439
799
100
4662
1775
189
4343
1171
4905
4322
336
2284
3843
4039
4852
3503
3025
4883
1175
2824
4066
1823
2395
648
2491
3865
4138
1882
438
3466
1350
3276
541
1937
4983
307
2512
3248
699
4135
126
4904
2953
441
2604
819
4055
3199
644
2365
4087
2664
3551
5
3758
3132
236
4192
3593
2267
3042
451
4026
50
4643
4816
2285
1625
4503
2054
3171
4614
2621
325
2078
2687
4552
2227
4883
3423
2932
3376
550
4782
2009
961
3567
719
2882
924
4567
2733
3475
3712
3750
417
3432
4753
2964
283
469
2088
3547
3431
866
4828
3299
3836
3129
2359
2190
324
24
461
2658
1512
479
1776
1618
4270
4098
4279
2530
2508
2250
2697
2138
4317
989
4016
2746
1780
2272
4536
2133
3981
1224
2110
4470
31
3423
3515
1847
135
2444
3116
2267
4014
4147
236
1224
2220
443
3930
219
2146
1524
56
1817
1770
1781
1830
2119
440
915
1287
2748
2242
2950
318
709
3741
2157
1198
740
4161
1106
2789
999
2278
2333
4833
4213
585
1368
4003
2636
3533
92
1644
1432
2873
671
4370
1340
4419
1542
4934
2728
1766
3189
2055
4402
3764
2699
4112
1773
3790
2316
2885
245
122
3502
4760
929
2959
4212
3074
2048
4881
3390
1517
643
2800
2908
4766
430
696
3436
3772
2924
3687
1978
4376
197
227
54
4166
3863
485
2771
3758
1157
192
259
4914
229
511
4208
4177
2988
730
3495
1936
126
1806
4134
3100
4176
83
23
1799
2704
1715
2242
3788
13
4585
870
1472
1943
790
4557
2717
4656
3962
4348
895
4491
1993
4477
4796
2255
1948
4126
3364
1572
221
381
1407
2131
2218
3867
3717
4951
2138
4800
1254
3029
4620
3436
4344
1962
1324
152
4026
1428
1734
1656
4007
4603
3730
1032
1869
3913
733
639
4467
2688
3455
3071
3677
3612
566
1675
4930
1062
3823
3359
2188
692
4442
2679
4301
886
3786
2424
3898
1922
2638
2207
1255
4973
4630
2776
1787
4292
609
35
2114
2196
1995
4019
851
2705
2422
4293
1546
952
3214
4518
1457
1717
4491
168
1063
1694
4953
4630
503
1356
4632
170
348
3522
1175
1503
393
1988
1429
953
1379
4834
1408
428
823
3257
3908
1708
376
3050
4334
2766
3382
2081
1534
4115
2556
3383
1679
422
3962
4712
4504
3851
4700
1687
2427
1897
2986
2862
4374
3672
537
1357
2338
4893
3443
3885
4976
3049
3935
4301
3785
482
1736
28
3664
4369
4905
964
899
3838
1349
1738
2868
699
3426
4421
27
1534
4315
41
1953
114
1067
3534
506
399
510
2969
4403
1583
438
167
745
2937
4747
1068
307
2421
2442
464
4622
4309
1692
1948
4166
2303
1344
193
3193
879
3584
3917
3003
3840
2651
4149
1713
322
780
3656
4796
4720
3808
4623
1972
3292
95
2975
2213
1403
2700
3926
4938
1656
971
4621
1670
4391
3976
987
3720
3288
4450
2148
2691
53
3174
2004
1836
3428
4959
3857
2591
4009
3666
162
1800
2598
4913
792
1462
1087
1416
4409
4015
1091
2122
3801
2477
1835
2548
2304
984
9
23
4658
2509
593
3724
1915
1833
3874
709
1250
3050
140
340
2791
2144
4799
786
1824
1460
2887
2530
987
4097
3217
31
3299
2517
3643
3988
3158
1937
178
2864
3636
278
3946
3593
4713
2738
1209
2643
3278
265
2945
4859
2034
2494
1726
3756
644
1945
4855
3184
3749
2509
4026
1537
1691
1543
2969
926
1080
1109
825
4991
3538
150
235
275
2247
664
370
2327
2151
2154
1396
3956
929
4921
3103
4314
4089
3979
1687
3725
3800
1652
4902
436
2319
3139
2103
1697
2118
609
1868
2872
1084
2601
1224
4469
2378
1801
1686
3282
4842
466
3603
67
1032
4073
1545
2405
1263
4956
4716
2702
3263
4006
2620
2472
3290
4717
2478
339
834
124
1116
2430
260
4439
319
73
3987
2418
878
981
3092
776
1820
1331
2412
2175
2556
2429
3535
3593
1919
1867
273
2129
4344
345
2476
2516
4668
1592
306
1920
4270
4040
2317
3796
2565
4194
1968
3862
4055
2849
3406
2488
2442
1590
3655
4031
4532
3238
4539
4941
2911
1176
3983
3657
2630
3709
2518
1604
3385
899
2127
839
4920
2530
774
135
4649
2137
2230
2559
2718
3266
2057
3832
1000
389
1863
2024
3758
3136
176
376
3949
3787
4560
1305
425
4169
818
877
2485
4409
1407
4302
4548
2182
1414
4247
4898
2412
1699
12
3758
3565
80
1871
2171
2977
2652
1114
4411
4882
3612
2601
2931
1061
3188
2865
1064
284
4546
3059
4962
3970
1771
2309
2525
1731
2284
3250
3279
1733
3317
2802
4459
2031
3278
2490
4769
306
156
3839
3559
688
277
650
4395
2565
2065
1206
3275
2566
638
4702
2952
2135
358
2438
1114
4365
3701
591
1400
17
1040
2589
2492
3902
2221
408
1751
4029
2023
316
1159
2216
2870
4883
4518
1065
4408
4279
1177
3481
795
1186
2731
2162
2826
4844
468
2724
3242
1044
2512
383
4841
1110
921
1370
2241
4167
213
1505
4416
3240
59
586
1353
1988
1121
2533
4446
109
4277
2446
1484
1720
4716
3009
3346
2261
3631
3903
755
713
1502
4153
708
182
3199
3581
3438
1140
1393
795
2015
2884
1000
1368
2954
4984
3663
1142
2425
1801
2476
833
3937
4339
3465
4339
4605
0
1538
4450
3350
2028
4902
853
645
1697
3172
1632
677
2529
667
663
3016
2098
2611
4585
2168
3215
3245
4271
4606
2539
1063
1967
4151
910
2676
1518
2807
952
3014
363
403
3749
882
3212
2671
2629
75
3574
3589
3361
2554
576
4129
1311
1411
4715
754
2354
2607
2500
3267
584
719
1125
2891
2124
187
614
2669
585
4774
2098
3559
963
4253
2162
822
27
3533
4413
1570
2493
715
703
581
3531
1813
687
2737
4403
1131
4612
1701
4274
2515
539
685
2502
2977
3398
2427
1945
1424
4560
1724
85
1468
1839
147
1020
3563
1104
3782
2611
2947
1920
1113
4344
1118
885
4409
2691
4841
2594
4216
2027
2913
4392
2829
394
2168
2347
3830
657
462
2109
1072
3860
619
4580
1714
2814
573
2559
4154
227
1192
801
2984
1912
4517
3145
4325
1876
1398
1635
1137
2339
3764
3821
4383
2976
3019
637
2143
4922
2275
3559
43
1357
1439
926
2604
2694
359
4641
1377
683
1531
4628
1967
1977
95
4757
3308
2943
106
130
3802
3784
2313
1916
172
1254
4931
2151
1148
523
141
2174
4342
2978
303
4624
915
3021
4110
167
3912
3148
4184
1382
2350
2858
3824
2462
4446
3206
1910
4673
4568
12
1193
3722
4789
61
1448
1473
3142
817
230
675
1938
450
224
2619
760
1238
3405
3907
4981
619
3515
4749
1939
455
4568
2457
3092
1307
4394
64
1805
4754
3428
1233
2590
3059
250
3890
3936
1741
1600
1233
3070
1830
858
63
2267
4863
215
2584
2577
4921
3025
4119
2052
3242
4083
391
1865
2217
1784
4305
4900
1817
2433
3401
2700
2736
3161
392
2860
1810
1202
474
237
1501
3502
309
1582
1494
1898
4874
4454
1710
359
4584
2528
2273
2013
1365
649
2233
4946
3602
4255
89
2013
1127
4005
412
1145
2674
2756
2119
3876
4476
3208
175
1090
4915
863
3804
1206
1406
3133
466
2301
1939
1715
1182
895
4935
1596
3982
1386
2364
1288
3532
1365
2268
162
1232
4306
3133
4984
1336
2354
3772
4016
4894
3201
3641
3287
4548
1280
4764
902
4499
4775
2682
1483
1178
1156
108
4121
1419
253
3201
3432
1191
76
1632
4588
4169
1890
4867
4418
713
2258
3345
1959
4025
1051
4450
3046
1557
653
4481
4813
948
2846
4015
2213
1049
1112
347
4905
4825
2333
1930
4138
2184
3123
981
470
2027
2282
1681
4449
4077
2100
2633
3602
2266
2500
3508
345
2740
3247
2048
1685
778
721
3843
2804
2163
1972
3564
2895
812
56
2567
2868
710
873
4031
759
1435
3007
3081
1984
2833
3283
528
2774
640
2045
185
1408
1085
3375
905
3101
3784
1745
773
669
3463
2833
2129
4305
2319
2490
2333
104
1047
4087
1450
3171
2851
734
4275
2444
965
102
374
572
1502
827
2054
3472
4659
742
1448
411
3588
3407
4116
1739
1473
686
2861
2613
3612
346
1654
2341
2550
3912
860
189
562
1269
1177
4766
35
4740
4968
357
3531
1626
4890
4792
1604
442
1024
4730
2642
2334
3887
458
294
410
2035
3562
287
974
4156
2092
4650
1889
1835
4060
2683
4561
403
1404
4183
2273
1559
2755
1738
3862
2673
4637
144
2960
3935
1939
2222
4294
802
4787
1605
4775
377
163
4266
3365
1671
2883
1860
4949
902
1799
1157
4698
4269
3325
127
667
1853
659
2459
3598
2583
3291
3577
4173
1435
2683
2438
4196
1282
1203
4663
4442
3068
2691
3801
3151
4230
4258
3768
412
1543
184
1754
4909
800
15
2163
777
2005
4226
3360
3534
7
2056
283
346
1732
2376
2222
1091
2450
4698
1303
2963
4740
3686
3472
2604
71
1774
42
991
4192
760
4073
2566
3719
4473
2167
1351
2625
881
3434
3013
3532
3248
3718
3137
4986
1195
4339
3168
2133
3779
939
1781
4480
2955
4187
638
635
2006
427
4787
1235
4838
1542
4178
2454
3215
4589
4026
3776
313
3004
3020
4950
199
2416
4593
3310
4082
380
2759
3861
471
562
227
827
2570
3180
2805
563
2543
4747
294
2013
3493
1415
396
2138
1271
1462
3331
4974
4478
3718
1177
4256
2256
4990
2153
771
747
763
1334
1866
310
4742
526
1774
1869
4016
1299
2702
1992
2904
1396
2820
2568
4777
1013
3604
2189
2393
1684
188
2594
3554
1749
4647
4782
130
3646
3390
664
4737
4507
1083
2353
627
2792
4767
2456
1586
4957
3101
4972
4877
2366
1901
2669
1538
4961
3390
3031
4569
4395
2840
1149
1820
642
2524
4157
1607
2292
4139
3074
377
2029
2153
4170
2943
30
1704
3199
2111
4253
1012
2120
725
2871
4456
4170
438
313
3736
4375
2757
4664
806
3895
4148
401
2490
2774
3267
1700
2945
1982
4586
2795
1417
1846
3994
3134
3937
233
3140
1303
3892
90
584
2964
2638
2208
4046
4282
2586
314
4298
3581
1415
1849
2502
213
2353
4043
4034
872
1687
1159
3096
4838
921
4982
3662
891
2272
1958
3547
4864
2397
1548
4667
3093
553
1689
3756
3224
3587
3459
4114
128
1447
3293
171
904
3123
2392
2913
4198
4196
4142
468
334
3413
1697
4407
4977
1966
4041
3539
334
391
178
3268
4094
4260
2283
4793
2633
1089
4933
4704
1177
2137
3778
1774
4943
4013
3259
3984
1462
1259
4235
90
596
2345
3622
1268
4961
2732
4412
4647
4750
4938
679
1756
2195
1770
3423
1209
2145
144
4377
1147
1491
4174
1116
3258
1437
2440
3103
1408
2836
615
4505
4176
1083
1870
905
1862
3299
3732
3269
4732
1790
1306
3765
581
4014
3050
4312
884
536
1511
4947
1097
3722
2699
389
1898
1135
4023
4397
4421
3882
1954
2786
3773
1389
1848
2212
1383
340
3585
3075
2983
1775
2965
1168
268
1558
17
3917
526
722
1646
3315
4788
3414
2305
3941
1296
1428
2584
627
2341
556
1923
1678
3752
252
2838
4720
2603
4324
362
3557
4917
1664
1591
633
1424
2229
1542
968
673
4762
2714
4669
32
4003
2039
1384
1383
1345
150
1299
4560
4202
4118
3546
2814
550
1106
4126
875
1379
1586
1711
2379
58
2060
922
4731
3815
3452
3966
689
3854
2579
2712
2220
1812
403
4595
3419
1556
1949
1930
550
1555
4092
520
3488
4301
3618
4641
4127
527
4234
1795
3542
2196
2453
1812
949
4497
3522
1172
3766
3336
4811
4661
4319
1058
349
2715
4991
4374
1413
4058
4863
4740
4348
4496
2129
2664
3044
3990
2866
3679
4736
336
2908
4962
4054
4096
919
2846
1484
616
1925
2688
3681
1252
1875
3847
4285
2154
15
3750
178
231
2125
1275
4344
2138
3925
940
2758
3416
177
636
3976
1123
1306
1878
1349
4582
557
2825
4022
93
1016
529
4164
1734
3014
175
4070
1585
3733
277
3081
4017
2044
4066
490
4872
2886
3568
1836
2677
1725
4090
2290
214
893
3106
2028
1094
859
3784
4774
2164
715
4620
1939
3873
3437
2932
1016
1947
2718
1189
3165
4997
4404
1412
1150
3892
1855
4130
58
45
750
4624
4467
930
156
451
1983
2472
2899
469
4328
4154
4527
1863
3386
3949
1425
2894
890
1446
4868
358
1673
3768
4068
2000
1641
157
2501
346
2907
2310
3072
712
4749
3859
3908
2355
312
3572
2829
3011
229
3155
4787
3299
590
1760
2837
3730
3911
551
4414
3300
3053
1945
977
4909
4232
4390
322
4079
1569
4776
2090
3718
1833
1855
3292
3905
4313
264
1877
1936
1973
1025
2655
4112
1338
618
1110
2001
4752
1999
1909
2171
4956
2156
149
4610
3147
2083
4642
1332
2933
1264
3778
2897
3868
37
776
1826
4488
4435
1353
3159
1010
4386
3122
3623
4121
2351
2259
2155
2537
791
4239
764
3237
3044
1682
962
4562
3490
3615
2249
4590
4110
1692
393
3454
789
161
4483
4543
3988
2643
2984
742
4626
5
297
3133
2303
4877
1534
844
4197
4615
4518
1950
4271
750
4216
1606
3634
4224
1112
4837
4164
1963
1244
2648
3761
1570
1883
1387
2839
2209
3108
1525
2901
949
1738
3270
4332
135
369
2707
1747
2578
509
3358
1512
2607
13
4362
2301
2279
1348
2671
794
3301
3375
2957
871
1461
675
131
923
1596
619
668
130
2429
4691
133
815
1782
1783
609
241
3997
2454
2924
1458
2585
4387
4865
4044
2416
521
2795
1882
1996
2605
342
1298
2614
4145
4090
4189
2424
2992
2433
1998
4747
41
25
2640
1147
1786
1488
3744
1069
712
4312
1815
1093
3759
2103
3181
3104
337
612
3827
1914
2640
219
1490
4141
2223
4783
4601
1390
3097
3036
3956
2033
2816
4951
4215
2135
4284
1736
3585
2317
2283
4394
1308
3618
4943
2018
3796
1635
1643
2231
1543
4499
79
2455
160
1480
1477
1929
139
272
4192
645
1221
2246
2182
2622
3461
1229
1069
2196
3361
2595
804
3242
4673
727
143
2506
4738
4132
4427
4462
3460
3774
4412
1369
3287
1399
117
3453
4801
925
4927
380
3776
2172
1446
1449
1815
2491
1826
3165
3931
3084
1558
4131
2665
3063
1953
3415
4623
547
2815
4821
1522
1340
3019
737
4114
1992
2995
483
3596
281
4340
4318
1367
2426
3056
548
4231
2562
4130
4394
3423
1293
1463
3541
2053
1348
3358
1545
1831
4656
76
1522
1190
1376
1169
3785
3151
2683
1600
2349
2554
352
1863
1485
3510
2450
3601
4739
4177
660
3447
87
2230
1060
4082
1153
621
1384
2736
650
4509
4069
3619
3488
1441
640
2023
3193
3173
4223
4065
1585
3715
3227
2318
2862
4482
515
3812
4542
3638
3580
3134
3900
3009
2550
4617
4852
2171
4047
3851
1439
568
218
4995
341
4767
3467
1634
1095
4221
3691
162
3926
140
1073
915
1384
3329
3721
3556
1183
3112
698
4436
3943
684
2255
4911
728
1520
294
861
1571
2687
3368
4892
2409
2175
1770
3944
4076
3602
4496
1304
3314
901
1137
3257
1937
3862
2994
1846
1590
1617
3965
1492
2779
2445
2999
3446
3070
4498
1160
3315
661
3308
2609
3143
719
3190
41
784
3176
887
1372
544
1891
1089
740
337
1361
4655
3090
1832
3394
1682
2913
1330
2423
2746
3931
346
4374
2953
2758
1149
275
4641
862
3719
2007
849
349
1880
3888
2916
385
2577
3
1809
2286
3539
3451
4052
2591
807
4930
4355
4650
3868
4345
3308
528
2377
338
4749
1278
4694
3933
3659
4872
4732
3706
1708
2343
4845
1157
3790
3925
3738
1200
181
3254
4637
3951
158
3911
202
235
4198
3863
1917
4467
3118
4597
2943
4861
3764
2989
4668
2108
2104
216
3434
3957
836
3247
184
4382
4879
712
2002
2233
4344
1201
797
563
848
3287
591
4049
4289
2817
1176
3164
3427
4272
2090
49
4893
4238
2182
2226
1480
1298
1220
1602
1819
2868
1291
2415
4818
796
1985
3058
3448
3765
4572
2939
3759
789
1688
1816
1221
1355
235
266
2752
4014
1505
1207
4046
1451
3738
3666
3059
1350
3623
1185
1759
3586
4455
3561
4507
552
4944
1833
2662
3659
3911
2684
1297
311
2347
4684
105
1899
577
52
1877
4616
4514
1847
3148
1131
