1000
980
754
823
546
50
394
316
660
853
417
773
121
330
174
923
154
279
727
160
952
546
483
193
121
213
832
626
768
951
612
765
699
977
541
186
477
254
957
878
312
895
481
999
24
910
460
541
561
737
310
454
809
221
100
27
674
969
1
565
674
244
457
674
522
828
180
679
441
522
336
1
190
201
531
501
28
613
450
136
122
316
265
424
110
449
170
557
818
249
648
178
358
488
335
141
99
244
591
787
232
697
125
535
933
843
306
844
336
334
994
830
823
828
23
92
343
551
674
548
762
978
770
319
471
804
230
955
738
637
212
571
534
77
185
664
821
97
558
673
545
921
707
573
794
787
527
58
888
303
855
98
356
283
377
921
52
267
888
729
888
123
996
671
922
412
645
896
776
442
58
708
638
174
970
145
302
410
240
503
17
929
222
627
93
494
498
996
532
905
824
906
138
520
412
306
861
906
895
68
359
559
591
751
991
848
930
151
756
618
137
183
888
111
551
889
104
145
174
633
732
699
316
758
216
350
444
271
710
216
594
345
772
334
957
680
372
651
497
28
707
33
710
433
556
982
882
962
160
973
465
998
864
582
409
382
992
838
592
942
713
450
666
222
857
855
972
450
937
243
350
38
843
982
967
168
960
127
523
254
676
917
444
339
530
442
915
707
478
913
871
269
9
173
300
519
98
414
469
98
233
237
933
273
997
496
432
878
936
587
45
500
704
120
201
977
723
119
408
487
824
205
812
786
625
400
951
387
618
505
295
734
200
201
453
651
140
306
143
633
205
854
287
765
939
929
842
316
827
406
230
306
323
48
463
599
482
599
340
304
183
825
313
551
166
655
886
920
384
849
655
82
382
874
350
441
716
892
488
835
617
50
489
576
406
481
385
395
388
694
452
75
197
276
401
817
851
70
971
656
982
263
38
450
973
45
606
247
10
762
274
91
256
750
58
535
648
244
657
441
43
60
540
834
706
961
455
879
366
874
214
263
327
392
878
541
371
219
687
232
437
495
354
721
301
159
575
252
761
780
872
579
38
525
122
45
396
187
384
162
210
446
887
971
953
779
277
737
864
701
496
772
254
249
895
439
698
883
445
623
600
237
139
230
854
371
979
497
595
465
114
170
275
118
27
842
535
674
851
999
628
250
196
572
358
385
81
38
784
481
836
372
161
465
84
394
863
333
161
309
271
507
587
483
844
176
436
762
889
28
733
865
730
77
220
664
288
469
111
388
285
465
685
50
578
16
847
648
329
597
983
927
30
231
758
763
589
858
682
449
969
496
571
452
128
847
265
409
221
268
199
437
321
299
693
38
127
146
83
148
403
807
24
127
123
755
602
745
574
356
99
447
874
436
530
454
671
676
295
495
977
754
575
213
400
403
327
545
227
816
966
627
130
55
130
11
439
402
105
246
252
815
788
128
840
907
289
145
97
135
536
941
17
100
487
819
420
148
818
606
434
687
181
398
444
888
411
10
508
698
271
161
468
333
612
692
244
676
43
375
37
249
483
90
439
684
195
440
673
858
164
87
447
126
933
350
171
308
246
883
501
372
121
460
458
961
203
169
606
208
503
573
11
494
896
616
986
87
977
337
838
812
130
680
104
200
939
952
26
767
275
719
229
356
689
194
847
704
957
415
583
674
895
746
429
801
801
520
39
92
125
848
986
239
244
907
384
682
434
250
615
173
408
931
144
784
26
492
652
518
36
115
977
947
962
481
594
552
487
133
621
685
948
390
580
325
801
115
408
47
168
868
435
885
818
264
339
996
197
560
280
315
367
782
727
604
961
940
698
584
512
110
394
57
770
460
472
205
862
482
435
473
407
9
875
715
945
789
547
533
286
682
528
958
645
758
915
925
666
864
824
186
698
439
662
600
930
631
905
971
252
14
869
840
931
454
211
931
493
907
143
138
389
221
585
264
327
211
761
892
365
574
945
101
132
433
370
911
785
555
513
665
563
544
249
735
37
560
613
250
432
344
140
761
620
618
30
2
638
139
628
191
863
968
925
524
167
734
101
789
705
961
319
285
153
734
260
443
538
266
141
845
0
157
193
550
107
391
833
896
569
368
18
212
480
521
519
104
424
312
82
236
77
658
739
779
145
72
723
955
761
86
744
343
698
731
599
862
995
139
353
622
875
551
576
46
52
287
372
944
786
465
179
457
302
531
578
50
426
877
603
966
551
113
263
820
293
777
294
251
443
535
342
809
77
171
86
489
930
899
21
598
404
820
898
861
799
545
33
954
652
294
4
872
266
18
430
809
819
335
855
