9 999
9 7636
9 15457
9 27477
9 34090
16 14856
33 35339
46 41046
51 13015
68 33737
110 12483
110 34031
112 25351
112 27514
112 32890
120 37252
127 31411
127 48275
151 38475
154 16025
154 23393
154 31199
154 37992
154 48531
168 11189
168 38643
172 1262
172 3919
175 30567
181 23698
181 24839
189 32400
228 45262
244 17941
244 43075
302 41224
316 5785
318 30597
367 45060
383 1255
383 31144
397 31964
404 15991
435 37867
437 21619
437 28423
440 7963
440 22368
440 25325
440 47993
462 32647
504 2795
518 9799
518 31769
549 22847
549 43315
549 46625
560 27119
562 12573
562 37168
562 37695
564 23806
584 24189
608 29953
608 33020
608 44127
617 2585
617 47067
622 41025
636 4944
636 5386
637 21888
649 41116
659 44743
679 15919
689 34566
698 34433
706 6069
706 9995
706 24673
706 49949
751 12659
751 26851
751 38407
775 10742
775 21291
775 28324
786 2401
844 37814
876 4779
876 14582
882 16134
882 30647
890 6277
890 26809
904 36107
912 19608
917 8857
917 12465
917 20785
917 36651
926 16275
926 25126
938 28379
976 6975
999 7636
999 15457
999 27477
999 34090
1034 9738
1034 14279
1047 4501
1112 26974
1148 49975
1180 34202
1210 9051
1221 11726
1239 38714
1253 21292
1255 31144
1262 3919
1329 17344
1329 35328
1336 35445
1341 32853
1365 21000
1365 45861
1372 33906
1372 44523
1373 5519
1376 6850
1376 13166
1376 22345
1376 38856
1388 46364
1412 15559
1415 5792
1415 47132
1428 8023
1428 49558
1469 2887
1469 12627
1511 14124
1528 17682
1528 37257
1539 21773
1555 16739
1555 34323
1555 46865
1556 15133
1557 13510
1557 13732
1557 13946
1557 17761
1557 26893
1557 40558
1563 20331
1574 4654
1589 1719
1598 16565
1598 20399
1611 33480
1667 22595
1670 26033
1683 10982
1769 46425
1780 26155
1785 4809
1794 5682
1794 11285
1794 28866
1794 48538
1797 5125
1804 45952
1807 3710
1807 15715
1807 29490
1851 31651
1861 26617
1861 44593
1907 45986
1913 48838
1940 2386
1940 31014
1987 49614
1997 33160
1998 44185
2041 39732
2100 24808
2100 32690
2100 33383
2129 20850
2141 37744
2234 26444
2234 44665
2263 14651
2263 45958
2273 41673
2281 11306
2281 26738
2281 45196
2333 10213
2333 29742
2333 31780
2342 14003
2343 3261
2377 16329
2377 24637
2377 48177
2386 31014
2402 25050
2405 8036
2405 42133
2405 45326
2416 26970
2426 27885
2456 27618
2462 2847
2462 19780
2469 14881
2558 23811
2585 47067
2605 4284
2619 29146
2623 20116
2623 47465
2632 18299
2635 23786
2635 29206
2638 2974
2653 44169
2656 46647
2659 15926
2714 25712
2714 27729
2753 44602
2753 49597
2767 15233
2771 39247
2780 48697
2803 6852
2803 12415
2803 13160
2803 18204
2808 27821
2808 43251
2815 41010
2831 44188
2831 49934
2842 23536
2846 8787
2847 19780
2861 28301
2861 38500
2887 12627
2894 24235
2899 23316
2923 26790
2971 34490
2988 28163
3001 25400
3004 9750
3015 25924
3019 15094
3031 12267
3035 16822
3036 47325
3037 31955
3042 33673
3042 42724
3045 14374
3071 4201
3071 44164
3073 14450
3074 21178
3104 16953
3115 21922
3115 46642
3116 4821
3157 37614
3159 8613
3159 35205
3159 35372
3194 3653
3255 33701
3264 11992
3264 18787
3267 5348
3269 16526
3286 12995
3322 19082
3357 17308
3357 29364
3358 29697
3361 10570
3361 11798
3370 14883
3371 25632
3409 22411
3409 38342
3417 14173
3486 35135
3513 41647
3539 36817
3559 49093
3570 17321
3570 26916
3595 14954
3621 9286
3663 18644
3663 29966
3663 36684
3679 21939
3682 42815
3688 15316
3710 15715
3710 29490
3712 18714
3712 47613
3714 49000
3752 34203
3752 46714
3756 28444
3756 47656
3787 25511
3811 15120
3821 49073
3853 17880
3853 37876
3856 16373
3871 27237
3905 20572
3927 10683
3927 27857
3927 34920
3934 29107
3934 47296
3943 8056
3943 33627
3980 37418
3981 15716
3996 6757
3998 25829
3998 26193
4045 49624
4046 19793
4046 40922
4046 47804
4048 6563
4048 21128
4083 21024
4088 44460
4095 26277
4095 46375
4101 16925
4101 32867
4126 45131
4149 10751
4160 38638
4184 48636
4201 44164
4238 15769
4258 48882
4263 25210
4263 27872
4285 16503
4297 44182
4297 44274
4298 26954
4300 44662
4316 12744
4316 33513
4336 28472
4336 31134
4336 40124
4371 41512
4384 26636
4399 39160
4408 13659
4478 25546
4478 27454
4511 38523
4550 14016
4569 42007
4586 43604
4624 7822
4624 9106
4624 9245
4624 19084
4639 49560
4640 7330
4678 12332
4678 26135
4679 14775
4679 42223
4688 49021
4753 8423
4753 14872
4753 23753
4753 36554
4758 9183
4763 11180
4779 14582
4794 32876
4798 35698
4842 8916
4845 20223
4845 28873
4882 17679
4882 29405
4882 35622
4886 31902
4894 43222
4920 6399
4920 27047
4936 14513
4944 5386
4960 11192
4970 36712
4974 15748
4974 41939
5034 28195
5034 30767
5052 25182
5061 27250
5061 33788
5061 45469
5068 37715
5093 23616
5093 40434
5117 43428
5129 47545
5141 7461
5141 31310
5177 25057
5178 16653
5189 44342
5220 16225
5238 48600
5241 14022
5295 26297
5295 46463
5318 14804
5322 44610
5347 19783
5379 33538
5426 6981
5426 10390
5426 48204
5461 45650
5483 41635
5506 14706
5529 46542
5556 16833
5556 33485
5574 11465
5583 22191
5592 31678
5618 24676
5618 37119
5618 43713
5647 15051
5647 17478
5647 19086
5647 33282
5649 9778
5662 47687
5682 11285
5682 28866
5682 48538
5729 36880
5792 47132
5843 16493
5843 37628
5865 20225
5865 21215
5866 35543
5923 29007
5992 46916
5993 17509
5993 19449
5993 35029
5993 47924
5995 15279
5995 47456
6005 22522
6018 38784
6019 23622
6032 40525
6038 19723
6063 35234
6067 40906
6069 9995
6069 24673
6069 49949
6096 43286
6097 21301
6098 7819
6144 21060
6155 7374
6155 12380
6155 29930
6160 16567
6170 16049
6201 49263
6209 46352
6216 38892
6253 22008
6269 46660
6273 9903
6273 28123
6273 46989
6277 26809
6292 24744
6356 11365
6356 18272
6358 11107
6393 8843
6393 45201
6399 27047
6445 31646
6445 45238
6469 25670
6469 35744
6469 41587
6486 49180
6526 10870
6533 7362
6533 15592
6551 29640
6555 39694
6556 13390
6557 16462
6560 17510
6563 21128
6578 31232
6615 28879
6619 13987
6626 38353
6636 40365
6647 28398
6651 47710
6698 8827
6698 10027
6698 16494
6723 21134
6743 49075
6752 27605
6752 27664
6752 27778
6779 9163
6781 6870
6781 14034
6781 35196
6815 29122
6848 17343
6850 13166
6850 22345
6850 38856
6852 12415
6852 13160
6852 18204
6853 21910
6853 31405
6853 31998
6853 45190
6867 22457
6870 14034
6870 35196
6880 13329
6880 18537
6895 34875
6895 41349
6901 25158
6942 17496
6942 33408
6961 40193
6969 12301
6969 41661
6969 43627
6972 18847
6972 35522
6973 36791
6977 10341
6977 19565
6981 10390
6981 48204
7023 44409
7055 9948
7068 41883
7068 42629
7083 48831
7131 15451
7131 15619
7159 8256
7159 43570
7165 10021
7184 29463
7184 48768
7187 32105
7201 24830
7235 30768
7242 11669
7259 11040
7259 26258
7266 42627
7299 18263
7352 37568
7362 15592
7374 12380
7374 29930
7400 16166
7410 40309
7410 43840
7425 15308
7425 27502
7428 46161
7448 17452
7458 45283
7461 31310
7493 41936
7536 30932
7536 33446
7557 45439
7594 29366
7602 19505
7614 8940
7623 35851
7631 8425
7631 41659
7636 15457
7636 27477
7636 34090
7653 19763
7653 23010
7654 16947
7654 19782
7654 25014
7668 11038
7716 43960
7757 24857
7757 41668
7757 46284
7786 44819
7786 47131
7804 21094
7822 9106
7822 9245
7822 19084
7827 28854
7827 48940
7839 47903
7847 21848
7847 24671
7850 9842
7917 44132
7939 31384
7939 40347
7963 22368
7963 25325
7963 47993
8003 31593
8013 32660
8023 49558
8036 42133
8036 45326
8056 33627
8058 16006
8064 36302
8067 27113
8067 47302
8067 49750
8097 37027
8105 34013
8109 17242
8109 22980
8109 25313
8112 26212
8147 10536
8147 12575
8147 32743
8147 47443
8180 49198
8201 9679
8225 10148
8256 43570
8261 14143
8261 28499
8281 13740
8283 47525
8304 32494
8306 42502
8319 49313
8373 18368
8409 13077
8409 23959
8423 14872
8423 23753
8423 36554
8425 41659
8433 29617
8433 32398
8505 28100
8533 10616
8548 30103
8548 33287
8553 9884
8553 13973
8553 25814
8553 26201
8553 36968
8553 38169
8602 45045
8604 29770
8613 35205
8613 35372
8637 44180
8646 12151
8646 37450
8681 12565
8681 14272
8681 17583
8681 29619
8682 48388
8705 16993
8714 48194
8742 40737
8742 40964
8796 25881
8796 49484
8810 32062
8810 34486
8827 10027
8827 16494
8843 45201
8857 12465
8857 20785
8857 36651
8859 34267
8859 47141
8890 19474
8890 22668
8890 24958
8929 40981
8968 13411
8984 17057
9012 15175
9042 37068
9087 48780
9106 9245
9106 19084
9135 9923
9140 47695
9173 44039
9201 19141
9201 32219
9245 19084
9248 10474
9248 13840
9267 40000
9312 23764
9322 26626
9322 42988
9343 12298
9343 12452
9343 35302
9343 41622
9346 35532
9419 22170
9421 16269
9427 15909
9432 27199
9432 36841
9442 49451
9444 19252
9476 49732
9488 23053
9488 23077
9529 19679
9529 48701
9537 36035
9548 31787
9548 46699
9553 21748
9553 36391
9566 27847
9579 27838
9595 12945
9595 25999
9595 41403
9612 28843
9672 45582
9681 33422
9688 26732
9708 15567
9708 27332
9738 14279
9739 30023
9744 15166
9767 29815
9787 23751
9787 47639
9797 44140
9799 31769
9829 39048
9839 46394
9882 12544
9884 13973
9884 25814
9884 26201
9884 36968
9884 38169
9903 28123
9903 46989
9909 27117
9909 30339
9909 31750
9910 24560
9920 18130
9920 36662
9931 12486
9941 34995
9976 19272
9980 16311
9980 41556
9995 24673
9995 49949
10011 38772
10017 15027
10017 44387
10023 26141
10027 16494
10056 43160
10084 21791
10088 37297
10093 23519
10130 11901
10130 33388
10157 18758
10157 19143
10158 26564
10188 46885
10212 12106
10213 29742
10213 31780
10242 18853
10242 43090
10272 28063
10272 32373
10275 28688
10281 13305
10295 27579
10341 19565
10346 19937
10348 49147
10356 48825
10383 20417
10390 48204
10423 24172
10426 10777
10437 28009
10437 36588
10453 39969
10466 17526
10466 38813
10474 13840
10484 11897
10493 28871
10493 31536
10511 47432
10512 27699
10516 13695
10516 31065
10536 12575
10536 32743
10536 47443
10545 44554
10562 34274
10569 24368
10570 11798
10592 43521
10596 40768
10597 20769
10597 21797
10617 36014
10651 26990
10651 33311
10651 39902
10652 40341
10652 41652
10683 27857
10683 34920
10697 45653
10742 21291
10742 28324
10757 42759
10759 12398
10788 11392
10788 39394
10817 39349
10823 47277
10873 13354
10873 18601
10873 42472
10912 30908
10924 15754
10941 46653
10958 41194
10992 20840
11015 16561
11016 12728
11016 35184
11016 40764
11040 26258
11049 34059
11052 23098
11052 31868
11063 20105
11073 24639
11073 37443
11095 42966
11166 16454
11166 20679
11166 31613
11189 38643
11200 47563
11226 23838
11226 49113
11257 21016
11258 21650
11285 28866
11285 48538
11306 26738
11306 45196
11342 35580
11365 18272
11374 23748
11374 35275
11374 38099
11392 39394
11393 37805
11406 14243
11406 30820
11406 39936
11407 33767
11480 26655
11493 31974
11493 32359
11507 33142
11512 47930
11543 39304
11543 47210
11579 13280
11579 25875
11581 27538
11608 13517
11608 30568
11608 37215
11620 13926
11620 15345
11620 19111
11620 46158
11638 14884
11675 19031
11716 48841
11744 43704
11773 16843
11781 38336
11818 29264
11843 12991
11846 17297
11846 21799
11846 29659
11880 17289
11889 42144
11901 33388
11932 33155
11946 14292
11946 16428
11946 33817
11946 49635
11950 14328
11950 48567
11963 49808
11992 18787
12001 24350
12001 35151
12023 41393
12046 29356
12046 36748
12067 49324
12096 46733
12140 34757
12151 37450
12207 29037
12208 23443
12223 14690
12223 31815
12223 32907
12223 40858
12225 25227
12268 20385
12269 14471
12298 12452
12298 35302
12298 41622
12301 41661
12301 43627
12332 26135
12338 40469
12356 20722
12356 40656
12380 29930
12415 13160
12415 18204
12416 33182
12416 48375
12431 32757
12452 35302
12452 41622
12465 20785
12465 36651
12483 34031
12517 38241
12545 22435
12547 34292
12565 14272
12565 17583
12565 29619
12571 13238
12573 37168
12573 37695
12575 32743
12575 47443
12659 26851
12659 38407
12667 41735
12669 34387
12728 35184
12728 40764
12744 33513
12756 48897
12761 42278
12794 16237
12807 20795
12810 19067
12841 47484
12868 38616
12881 17846
12884 31026
12896 42514
12903 40659
12930 38945
12945 25999
12945 41403
12951 16261
12965 47621
12976 28438
13027 28942
13038 37745
13077 23959
13137 26667
13137 27722
13140 38501
13160 18204
13166 22345
13166 38856
13199 24848
13199 29190
13199 49314
13280 25875
13327 49154
13329 18537
13333 48099
13354 18601
13354 42472
13356 36433
13356 49020
13397 36026
13484 22378
13508 20250
13510 13732
13510 13946
13510 17761
13510 26893
13510 40558
13517 30568
13517 37215
13545 42518
13600 46986
13605 19214
13695 31065
13732 13946
13732 17761
13732 26893
13732 40558
13746 31904
13746 42285
13746 44124
13782 34086
13827 39579
13849 19460
13849 37546
13864 14531
13889 38383
13909 42410
13920 28144
13920 29123
13922 40943
13926 15345
13926 19111
13926 46158
13946 17761
13946 26893
13946 40558
13969 15846
13973 25814
13973 26201
13973 36968
13973 38169
13993 43814
14029 25064
14034 35196
14073 39541
14073 45616
14073 47589
14115 44820
14118 30207
14118 48286
14143 28499
14163 45865
14216 22405
14238 39027
14238 47206
14243 30820
14243 39936
14266 40384
14272 17583
14272 29619
14273 20862
14277 28735
14277 44504
14277 48667
14292 16428
14292 33817
14292 49635
14303 14343
14328 48567
14332 40956
14341 14907
14341 31946
14516 36915
14519 35930
14534 14746
14570 15193
14570 20960
14570 40758
14573 31880
14573 36722
14622 30959
14626 25704
14642 38897
14650 21187
14651 45958
14668 47264
14677 20982
14677 34128
14679 26821
14679 43042
14689 25178
14690 31815
14690 32907
14690 40858
14742 20762
14751 40186
14775 42223
14787 41321
14788 33915
14859 42796
14872 23753
14872 36554
14885 32302
14895 42083
14907 31946
14988 32799
14988 40593
15027 44387
15048 23891
15051 17478
15051 19086
15051 33282
15068 32530
15079 31218
15087 31653
15125 26918
15125 26972
15128 31795
15149 45559
15159 28801
15193 20960
15193 40758
15195 17131
15204 21518
15210 43830
15213 24700
15213 44160
15213 49757
15279 47456
15283 21630
15283 30009
15308 27502
15345 19111
15345 46158
15359 44488
15360 22139
15366 46432
15396 48558
15451 15619
15457 27477
15457 34090
15532 20252
15567 27332
15585 34429
15585 34880
15612 38753
15625 37211
15658 19842
15712 38755
15715 29490
15718 19493
15747 48876
15748 41939
15834 32083
15868 19545
15868 27731
15988 41378
15994 20201
16008 28907
16010 22414
16025 23393
16025 31199
16025 37992
16025 48531
16033 34728
16062 21776
16091 38137
16134 30647
16137 22812
16137 23640
16157 31479
16174 21927
16174 31075
16218 33065
16218 39103
16232 28810
16275 25126
16306 20511
16306 42010
16311 41556
16318 40044
16318 49891
16329 24637
16329 48177
16340 21271
16369 19627
16369 42585
16378 47249
16400 43235
16401 37641
16410 19871
16419 23766
16428 33817
16428 49635
16435 35849
16444 34838
16454 20679
16454 31613
16464 22670
16464 36044
16487 21483
16493 37628
16523 25830
16551 22040
16565 20399
16572 45615
16638 19241
16638 21175
16654 22553
16655 38806
16665 49200
16666 23546
16722 30096
16734 21740
16739 34323
16739 46865
16748 43465
16779 35322
16833 33485
16835 25857
16835 46483
16840 24150
16856 17171
16856 22067
16893 35767
16898 41583
16912 21335
16912 41019
16912 47673
16925 32867
16927 26536
16927 30843
16947 19782
16947 25014
16949 33530
16960 20614
16960 41103
17004 17122
17051 30369
17051 38480
17054 46116
17121 33866
17121 49138
17130 39192
17130 47918
17136 45520
17171 22067
17173 31822
17173 35585
17197 47475
17227 23783
17242 22980
17242 25313
17276 41304
17297 21799
17297 29659
17308 29364
17309 21806
17309 34544
17321 26916
17344 35328
17352 36030
17352 41528
17385 26964
17419 29065
17419 39946
17445 37694
17454 28113
17478 19086
17478 33282
17496 33408
17509 19449
17509 35029
17509 47924
17520 34469
17526 38813
17539 31630
17539 33688
17539 33718
17583 29619
17617 28450
17621 36082
17661 44101
17679 29405
17679 35622
17682 37257
17703 20026
17712 23242
17712 45880
17719 19409
17736 19156
17761 26893
17761 40558
17792 33537
17792 43898
17827 24652
17843 34382
17880 37876
17906 19265
17941 43075
17948 19587
17954 35238
17956 47468
17978 35441
17980 20778
18038 28918
18072 35802
18077 36750
18092 32252
18104 24077
18130 36662
18151 23776
18151 47539
18206 44374
18206 45995
18242 18483
18242 22013
18250 38279
18252 22550
18259 22158
18278 23975
18303 48432
18313 21527
18313 49291
18341 31255
18359 30895
18396 26241
18418 44397
18483 22013
18569 30601
18569 42467
18601 42472
18641 21205
18641 49629
18644 29966
18644 36684
18650 29354
18667 30526
18684 25431
18705 26983
18705 27304
18714 47613
18734 25035
18758 19143
18774 46926
18798 48170
18821 20055
18821 31886
18847 35522
18853 43090
18932 34021
18932 37395
18936 31553
19030 22625
19030 34160
19046 35285
19053 31237
19058 41994
19083 41386
19086 33282
19087 44222
19111 46158
19141 32219
19154 25624
19168 26709
19194 22289
19194 46859
19194 47514
19199 40208
19239 47170
19241 21175
19293 42616
19293 49416
19303 41772
19316 20173
19359 41336
19385 43236
19387 26508
19387 42125
19388 35642
19402 26956
19429 30037
19449 35029
19449 47924
19451 36538
19460 37546
19474 22668
19474 24958
19518 38162
19518 48234
19531 48268
19541 30407
19541 48809
19545 27731
19546 47769
19578 28165
19578 47349
19601 43034
19605 49071
19613 43938
19627 42585
19665 40299
19674 21798
19679 48701
19708 21536
19730 26041
19730 36900
19745 42987
19746 35146
19746 42065
19758 28872
19763 23010
19782 25014
19793 40922
19793 47804
19795 30134
19831 40904
19847 44782
19847 45426
19863 41711
19890 35969
19927 44851
19949 24522
20055 31886
20075 46111
20096 22729
20116 47465
20120 24248
20182 31550
20214 30100
20221 34528
20223 28873
20225 21215
20230 23878
20230 26040
20230 35943
20306 31820
20329 47055
20341 31063
20344 35333
20344 49067
20357 27213
20412 48884
20412 49572
20422 45478
20474 43119
20493 27516
20493 48886
20501 25673
20501 34764
20501 47305
20511 42010
20517 30957
20546 32035
20552 38437
20559 33081
20559 40445
20614 41103
20659 45595
20679 31613
20722 40656
20752 35216
20757 23668
20769 21797
20780 47825
20785 36651
20798 27914
20804 46533
20804 48731
20828 27297
20847 22283
20847 36237
20847 40511
20863 21048
20863 35954
20863 44021
20954 25927
20960 40758
20975 26993
20982 34128
20991 31393
20991 34785
21000 45861
21048 35954
21048 44021
21069 42361
21121 44129
21205 49629
21232 23846
21246 35907
21249 47591
21282 23286
21285 28471
21285 35488
21291 28324
21299 23619
21312 37236
21312 43930
21335 41019
21335 47673
21351 30623
21382 27919
21401 23693
21401 24269
21401 46950
21466 29080
21527 49291
21619 28423
21627 28169
21630 30009
21696 22909
21745 32858
21748 36391
21753 40179
21799 29659
21806 34544
21833 28268
21833 31015
21848 24671
21878 22024
21896 23241
21896 34756
21906 40805
21906 48216
21910 31405
21910 31998
21910 45190
21922 46642
21927 31075
21951 38492
21982 46925
22039 24866
22085 33856
22116 25653
22180 34245
22207 23558
22223 23855
22283 36237
22283 40511
22289 46859
22289 47514
22339 34116
22339 35541
22345 38856
22361 35129
22368 25325
22368 47993
22401 22593
22411 38342
22415 23145
22438 33800
22538 23839
22598 47567
22625 34160
22632 36098
22668 24958
22670 36044
22719 40374
22753 49559
22763 31872
22772 28187
22772 40200
22772 42817
22775 44883
22775 49257
22785 32355
22785 36629
22809 40038
22812 23640
22847 43315
22847 46625
22959 36719
22980 25313
23002 24111
23053 23077
23098 31868
23112 45946
23199 31447
23199 47731
23224 28023
23240 49962
23241 34756
23242 45880
23243 30921
23338 44456
23374 26163
23384 43118
23393 31199
23393 37992
23393 48531
23465 27549
23481 30951
23505 26573
23505 28626
23505 43804
23520 29886
23543 48077
23600 46874
23605 35595
23607 41870
23616 40434
23651 38951
23684 32428
23684 48031
23687 43453
23693 24269
23693 46950
23698 24839
23728 28005
23737 29701
23748 35275
23748 38099
23751 47639
23753 36554
23769 46123
23776 47539
23786 29206
23838 49113
23842 40920
23844 46587
23858 32711
23878 26040
23878 35943
23882 35634
23882 41090
23969 42688
23987 45298
23987 45347
24016 32652
24019 25087
24019 40699
24019 43486
24031 31794
24130 49037
24161 29218
24161 35809
24175 24495
24175 31262
24175 31412
24190 30539
24203 40138
24244 37786
24244 47451
24252 46531
24269 46950
24287 26763
24287 31385
24308 49321
24312 36986
24350 35151
24394 28856
24407 32570
24459 43108
24495 31262
24495 31412
24501 28170
24501 28592
24501 41950
24581 42552
24612 48773
24616 34932
24637 48177
24639 37443
24673 49949
24676 37119
24676 43713
24695 33455
24700 44160
24700 49757
24710 25574
24790 38525
24808 32690
24808 33383
24836 46962
24843 40154
24848 29190
24848 49314
24857 41668
24857 46284
24905 27201
24949 30423
24949 38973
24964 49998
24982 30845
25011 40270
25022 36709
25063 34124
25070 29393
25087 40699
25087 43486
25088 37913
25095 29216
25104 42584
25207 26984
25208 28793
25210 27872
25242 35598
25271 47807
25278 46242
25280 43904
25280 45477
25290 28099
25305 48229
25325 47993
25351 27514
25351 32890
25373 43693
25449 26507
25449 30639
25538 36336
25546 27454
25578 43043
25642 37622
25670 35744
25670 41587
25673 34764
25673 47305
25698 36137
25706 35072
25710 37333
25712 27729
25714 48343
25745 37514
25763 27028
25773 46817
25814 26201
25814 36968
25814 38169
25829 26193
25850 45076
25857 46483
25881 49484
25886 41761
25914 42280
25951 27779
25986 37886
25987 28158
25987 46600
25987 49894
25999 41403
26006 39675
26018 31695
26040 35943
26041 36900
26094 33296
26094 40755
26094 45537
26160 35628
26201 36968
26201 38169
26254 45905
26277 46375
26283 39652
26297 46463
26370 38609
26379 32942
26444 44665
26503 29249
26507 30639
26508 42125
26536 30843
26557 44648
26573 28626
26573 43804
26617 44593
26626 42988
26632 26697
26640 34702
26667 27722
26683 32484
26683 36950
26683 48881
26688 44078
26711 32090
26724 34178
26738 45196
26763 31385
26781 45679
26820 40640
26820 48593
26821 43042
26851 38407
26893 40558
26897 41219
26899 31438
26899 42670
26918 26972
26939 45108
26983 27304
26990 33311
26990 39902
27064 32394
27064 48480
27069 31116
27074 48431
27113 47302
27113 49750
27117 30339
27117 31750
27123 33099
27123 39058
27123 49001
27199 36841
27227 31918
27232 28381
27232 41445
27250 33788
27250 45469
27255 47109
27272 29228
27280 32626
27324 30049
27342 34905
27359 49683
27372 27469
27420 29191
27477 34090
27514 32890
27516 48886
27605 27664
27605 27778
27656 43925
27656 49665
27664 27778
27685 35730
27795 42088
27795 48682
27821 43251
27857 34920
27922 28526
27940 28536
27940 29645
27981 32349
28009 36588
28010 40370
28010 44985
28033 48871
28063 32373
28094 31321
28095 30969
28103 41650
28123 46989
28144 29123
28158 46600
28158 49894
28165 47349
28170 28592
28170 41950
28187 40200
28187 42817
28195 30767
28234 28647
28234 32792
28234 43456
28268 31015
28301 38500
28303 49065
28381 41445
28433 45540
28444 47656
28449 34884
28471 35488
28472 31134
28472 40124
28483 40707
28528 30147
28528 35710
28536 29645
28592 41950
28626 43804
28647 32792
28647 43456
28659 40911
28708 46074
28735 44504
28735 48667
28854 48940
28866 48538
28871 31536
28880 34839
28890 46835
28938 40945
28938 42657
28983 30962
29001 33848
29038 30619
29065 39946
29069 39518
29107 47296
29130 47949
29190 49314
29218 35809
29236 47025
29296 45506
29304 37931
29340 38468
29356 36748
29368 40535
29405 35622
29426 46382
29463 48768
29468 31892
29468 42022
29469 30729
29559 35922
29586 46641
29617 32398
29624 38058
29689 44534
29742 31780
29794 41438
29805 35403
29911 47345
29940 35696
29953 33020
29953 44127
29957 48928
29966 36684
29970 49866
29990 43238
30075 43349
30087 41053
30088 45224
30103 33287
30137 48468
30147 35710
30207 48286
30214 31198
30269 40601
30278 39577
30278 45576
30310 45556
30332 36117
30339 31750
30341 31148
30369 38480
30407 48809
30423 38973
30473 49897
30512 43155
30565 36229
30568 37215
30590 49599
30595 39286
30601 42467
30626 33994
30654 44050
30694 34829
30716 49780
30722 33681
30757 34252
30820 39936
30932 33446
30952 39895
31018 46601
31037 43682
31082 38379
31106 34941
31115 31468
31134 40124
31142 36184
31182 40296
31191 35291
31199 37992
31199 48531
31262 31412
31266 41750
31296 33584
31343 37154
31384 40347
31389 32520
31392 43257
31393 34785
31405 31998
31405 45190
31411 48275
31438 42670
31447 47731
31630 33688
31630 33718
31637 31954
31646 45238
31696 39269
31768 38936
31787 46699
31815 32907
31815 40858
31822 35585
31834 35920
31880 36722
31892 42022
31904 42285
31904 44124
31908 43321
31908 47313
31908 49151
31912 35829
31915 44962
31915 48386
31934 43698
31966 35652
31974 32359
31998 45190
32062 34486
32071 40420
32082 40508
32082 47053
32117 32445
32117 39699
32117 48009
32137 42533
32138 39410
32263 36123
32313 44430
32355 36629
32372 48356
32388 34930
32394 48480
32428 48031
32445 39699
32445 48009
32484 36950
32484 48881
32521 34380
32526 38688
32657 42764
32661 47239
32690 33383
32694 49574
32743 47443
32791 48653
32791 49158
32792 43456
32799 40593
32822 47655
32894 37496
32907 40858
32928 48328
32963 44712
32992 33995
33012 44994
33020 44127
33065 39103
33081 40445
33093 33411
33099 39058
33099 49001
33121 46163
33182 48375
33296 40755
33296 45537
33311 39902
33340 33922
33515 35122
33537 43898
33571 43174
33601 35841
33673 42724
33688 33718
33721 35515
33740 46449
33788 45469
33817 49635
33818 40159
33838 45187
33866 49138
33906 44523
34021 37395
34116 35541
34203 46714
34228 38436
34267 47141
34323 46865
34396 38672
34429 34880
34571 47188
34580 46490
34699 40716
34699 47416
34745 43114
34764 47305
34820 36023
34875 41349
34942 40012
35029 47924
35030 46218
35047 49980
35050 46907
35126 42957
35138 47403
35143 48488
35146 42065
35184 40764
35202 41247
35204 49320
35205 35372
35228 41582
35275 38099
35302 41622
35333 49067
35350 42791
35359 37727
35426 47860
35435 36127
35476 48783
35497 47373
35634 41090
35744 41587
35753 39516
35954 44021
36030 41528
36237 40511
36254 45525
36416 36799
36433 49020
36483 37817
36610 45908
36770 38791
36814 38398
36836 44339
36892 42810
36896 46265
36950 48881
36968 38169
37014 38740
37033 41450
37114 46477
37119 43713
37168 37695
37172 46812
37236 43930
37373 45972
37506 44965
37508 40134
37724 49601
37729 49287
37786 47451
37992 48531
38015 46135
38052 43103
38123 46501
38162 48234
38176 39786
38255 49956
38367 47610
38473 43825
38473 45671
38479 42476
38689 46020
38711 45797
38736 46517
38969 47423
38969 48826
39027 47206
39044 46887
39058 49001
39112 46459
39169 44019
39192 47918
39222 43915
39304 47210
39412 46992
39458 49437
39477 43386
39541 45616
39541 47589
39577 45576
39609 43538
39699 48009
39710 40377
39900 47830
39904 44894
40044 49891
40200 42817
40309 43840
40341 41652
40370 44985
40508 47053
40587 44944
40591 41073
40640 48593
40699 43486
40716 47416
40737 40964
40755 45537
40805 48216
40922 47804
40945 42657
41019 47673
41374 41856
41413 49114
41661 43627
41668 46284
41759 42686
41883 42629
42069 47407
42088 48682
42098 47675
42104 45117
42104 48705
42133 45326
42285 44124
42337 44655
42616 49416
42864 48405
42879 43936
42879 49656
43171 48255
43290 47436
43315 46625
43321 47313
43321 49151
43434 49509
43825 45671
43903 48098
43904 45477
43925 49665
43936 49656
44160 49757
44182 44274
44188 49934
44374 45995
44392 46254
44410 44416
44410 49248
44416 49248
44487 46748
44504 48667
44506 47192
44578 47035
44578 47689
44584 45528
44602 49597
44719 47042
44782 45426
44819 47131
44883 49257
44962 48386
45117 48705
45298 45347
45338 48590
45616 47589
46110 48438
46202 49513
46356 47217
46370 49552
46533 48731
46559 46979
46600 49894
46677 49340
46859 47514
47035 47689
47302 49750
47313 49151
47359 48566
47423 48826
47513 48980
48653 49158
48884 49572
49072 49339
==============================
==============================
9 999
9 7636
9 15457
9 27477
9 34090
16 14856
33 35339
46 41046
51 13015
68 33737
110 12483
110 34031
112 25351
112 27514
112 32890
120 37252
127 31411
127 48275
151 38475
154 16025
154 23393
154 31199
154 37992
154 48531
168 11189
168 38643
172 1262
172 3919
175 30567
181 23698
181 24839
189 32400
228 45262
232 33932
244 17941
244 43075
302 41224
304 3654
316 5785
318 30597
367 45060
383 1255
383 31144
397 31964
404 15991
435 37867
437 21619
437 28423
440 7963
440 22368
440 25325
440 47993
462 32647
504 2795
518 9799
518 31769
549 22847
549 43315
549 46625
560 27119
562 12573
562 37168
562 37695
564 23806
584 24189
596 37633
608 29953
608 33020
608 44127
617 2585
617 47067
622 41025
634 967
636 4944
636 5386
637 21888
649 41116
659 19178
659 44743
679 15919
689 34566
698 34433
706 6069
706 9995
706 24673
706 49949
751 12659
751 26851
751 38407
761 29525
775 10025
775 10742
775 21291
775 28324
786 2401
827 7420
844 37814
876 4779
876 14582
882 16134
882 30647
890 6277
890 26809
904 36107
912 19608
917 8857
917 12465
917 20785
917 36651
926 16275
926 25126
938 28379
938 29649
976 6975
999 7636
999 15457
999 27477
999 34090
1034 9738
1034 14279
1047 4501
1112 26974
1142 27577
1148 49975
1151 16703
1180 34202
1201 35019
1210 9051
1221 11726
1239 38714
1253 21292
1255 31144
1262 3919
1267 32146
1329 17344
1329 35328
1336 35445
1341 32853
1365 21000
1365 45861
1372 33906
1372 44523
1373 5519
1376 6850
1376 13166
1376 22345
1376 38856
1388 35838
1388 46364
1412 15559
1415 5792
1415 47132
1428 8023
1428 49558
1469 2887
1469 12627
1511 14124
1528 17682
1528 37257
1539 21773
1539 24777
1555 16739
1555 34323
1555 46865
1556 15133
1557 13510
1557 13732
1557 13946
1557 17761
1557 26893
1557 40558
1563 20331
1574 4654
1589 1719
1598 16565
1598 20399
1611 33480
1656 35496
1667 22595
1670 26033
1683 10982
1760 5873
1769 46425
1780 26155
1785 4809
1794 5682
1794 11285
1794 28866
1794 48538
1797 5125
1804 45952
1807 3710
1807 15715
1807 29490
1851 31651
1861 26617
1861 44593
1907 45986
1913 48838
1917 44807
1940 2386
1940 31014
1951 41468
1987 49614
1997 33160
1998 44185
2041 39732
2098 15506
2100 24808
2100 32690
2100 33383
2129 20850
2141 37744
2234 26444
2234 44665
2263 14651
2263 45958
2273 41673
2281 11306
2281 26738
2281 45196
2333 10213
2333 29742
2333 31780
2342 14003
2343 3261
2377 16329
2377 24637
2377 46507
2377 48177
2386 31014
2402 25050
2405 8036
2405 42133
2405 45326
2416 26970
2426 27885
2456 27618
2462 2847
2462 10484
2462 11897
2462 19780
2469 14881
2543 28560
2558 23811
2585 47067
2604 34752
2605 4284
2619 29146
2623 20116
2623 47465
2632 18299
2635 23786
2635 29206
2638 2974
2653 44169
2656 46647
2657 46608
2659 15926
2705 35421
2714 25712
2714 27729
2753 44602
2753 49597
2767 15233
2771 39247
2775 38461
2780 48697
2803 6852
2803 12415
2803 13160
2803 18204
2808 8772
2808 27821
2808 43251
2815 41010
2831 44188
2831 49934
2842 23536
2846 8787
2846 10589
2847 10484
2847 11897
2847 19780
2861 28301
2861 38500
2887 12627
2894 24235
2899 23316
2923 26790
2971 34490
2988 28163
3001 25400
3004 9750
3015 25924
3019 15094
3031 12267
3035 16822
3036 47325
3037 31955
3042 33673
3042 42724
3045 14374
3071 4201
3071 44164
3073 14450
3074 21178
3104 16953
3115 21922
3115 46642
3116 4821
3157 37614
3159 8613
3159 35205
3159 35372
3194 3653
3255 33701
3264 11992
3264 18787
3267 5348
3269 16526
3286 12995
3322 19082
3357 17308
3357 29364
3358 29697
3361 10570
3361 11798
3370 14883
3371 25632
3409 22411
3409 38342
3417 14173
3486 35135
3501 4165
3513 41647
3539 36817
3559 49093
3570 17321
3570 26916
3595 14954
3621 9286
3663 18644
3663 29966
3663 36684
3679 21939
3682 42815
3688 15316
3688 18405
3710 15715
3710 29490
3712 18714
3712 47613
3714 49000
3717 8013
3717 32660
3748 41303
3752 34203
3752 46714
3756 28444
3756 47656
3787 25511
3787 45811
3811 15120
3821 49073
3842 15176
3853 17880
3853 37876
3856 16373
3871 27237
3905 20572
3927 10683
3927 27857
3927 34920
3934 29107
3934 47296
3943 8056
3943 33627
3980 37418
3981 15716
3996 6757
3998 25829
3998 26193
4014 31564
4045 49624
4046 19793
4046 40922
4046 47804
4048 6563
4048 21128
4083 21024
4088 44460
4095 26277
4095 46375
4101 16925
4101 32867
4126 45131
4149 10751
4160 38638
4180 22538
4180 23839
4184 25872
4184 48636
4201 44164
4238 15769
4258 48882
4263 25210
4263 27872
4285 16503
4297 44182
4297 44274
4298 26954
4300 44662
4316 12744
4316 33513
4336 28472
4336 31134
4336 40124
4371 41512
4384 26636
4398 28558
4399 39160
4408 13659
4478 25546
4478 27454
4511 38523
4550 14016
4569 42007
4586 43604
4624 7822
4624 9106
4624 9245
4624 19084
4639 49560
4640 7330
4678 12332
4678 26135
4679 14775
4679 42223
4688 49021
4730 13909
4730 42410
4753 8423
4753 14872
4753 23753
4753 36554
4758 9183
4763 11180
4779 14582
4794 32876
4798 35698
4842 8916
4845 20223
4845 28873
4882 17679
4882 29405
4882 35622
4886 31902
4894 43222
4920 6399
4920 27047
4936 14513
4944 5386
4946 34464
4960 11192
4970 36712
4974 15748
4974 41939
5034 28195
5034 30767
5035 30859
5052 25182
5061 27250
5061 33788
5061 45469
5068 37715
5093 23616
5093 40434
5117 43428
5129 47545
5141 7461
5141 31310
5154 48004
5177 25057
5178 16653
5189 44342
5220 16225
5238 48600
5241 14022
5295 26297
5295 46463
5318 14804
5322 44610
5347 19783
5379 33538
5426 6981
5426 10390
5426 48204
5461 45650
5483 41635
5506 14706
5529 46542
5556 16833
5556 33485
5574 11465
5583 22191
5592 31678
5618 24676
5618 37119
5618 43713
5647 15051
5647 17478
5647 19086
5647 33282
5649 9778
5651 15996
5662 47687
5682 11285
5682 28866
5682 48538
5693 13133
5694 49310
5729 36880
5782 20075
5782 46111
5792 47132
5843 16493
5843 37628
5865 20225
5865 21215
5866 35543
5923 29007
5969 23738
5992 46916
5993 17509
5993 19449
5993 35029
5993 47924
5995 15279
5995 47456
6005 22522
6018 38784
6019 23622
6032 40525
6038 19723
6063 35234
6067 40906
6069 9995
6069 24673
6069 49949
6096 43286
6097 21301
6098 7819
6128 28886
6144 21060
6155 7374
6155 12380
6155 29930
6160 16567
6170 16049
6201 49263
6209 46352
6216 38892
6253 22008
6269 46660
6273 9903
6273 28123
6273 46989
6277 26809
6292 24744
6356 11365
6356 18272
6358 11107
6378 27328
6393 8843
6393 45201
6399 27047
6445 31646
6445 45238
6469 25670
6469 35744
6469 41587
6486 49180
6526 10870
6533 7362
6533 15592
6551 29640
6555 39694
6556 13390
6557 16462
6560 17510
6563 21128
6578 31232
6615 28879
6619 13987
6626 38353
6636 40365
6647 28398
6651 47710
6698 8827
6698 10027
6698 16494
6723 21134
6743 49075
6752 27605
6752 27664
6752 27778
6779 9163
6781 6870
6781 14034
6781 35196
6815 29122
6848 17343
6850 13166
6850 22345
6850 38856
6852 12415
6852 13160
6852 18204
6853 21910
6853 31405
6853 31998
6853 45190
6867 22457
6870 14034
6870 35196
6880 13329
6880 18537
6895 34875
6895 41349
6901 25158
6942 17496
6942 33408
6961 40193
6969 12301
6969 41661
6969 43627
6972 18847
6972 35522
6973 36791
6977 10341
6977 19565
6981 10390
6981 48204
7023 44409
7055 9948
7068 41883
7068 42629
7082 16585
7083 48831
7086 35397
7131 15451
7131 15619
7159 8256
7159 43570
7165 10021
7184 29463
7184 48768
7187 32105
7201 24830
7235 30768
7242 11669
7259 11040
7259 26258
7266 42627
7270 24888
7299 18263
7352 18942
7352 37568
7362 15592
7374 12380
7374 29930
7400 16166
7410 40309
7410 43840
7425 15308
7425 27502
7428 46161
7448 17452
7458 45283
7458 45666
7461 31310
7493 41936
7536 30932
7536 33446
7557 45439
7594 29366
7602 19505
7614 8940
7623 35851
7631 8425
7631 41659
7636 15457
7636 27477
7636 34090
7653 19763
7653 23010
7654 16947
7654 19782
7654 25014
7668 11038
7716 43960
7757 24857
7757 41668
7757 46284
7786 44819
7786 47131
7804 21094
7822 9106
7822 9245
7822 19084
7827 28854
7827 48940
7839 47903
7847 21848
7847 23220
7847 24671
7850 9842
7917 44132
7939 31384
7939 40347
7963 22368
7963 25325
7963 47993
8003 31593
8013 32660
8023 49558
8036 42133
8036 45326
8056 33627
8058 16006
8064 36302
8067 27113
8067 47302
8067 49750
8097 37027
8105 34013
8109 17242
8109 22980
8109 25313
8112 26212
8142 15972
8147 10536
8147 12575
8147 32743
8147 47443
8180 49198
8183 27224
8201 9679
8225 10148
8256 43570
8261 14143
8261 28499
8281 13740
8283 47525
8304 32494
8306 32691
8306 42502
8319 49313
8373 17919
8373 18368
8409 13077
8409 23959
8423 14872
8423 23753
8423 36554
8425 41659
8433 19053
8433 29617
8433 31237
8433 32398
8505 28100
8533 10616
8548 30103
8548 33287
8553 9884
8553 13973
8553 25814
8553 26201
8553 36968
8553 38169
8602 45045
8604 29770
8613 35205
8613 35372
8637 44180
8646 12151
8646 37450
8646 48499
8681 12565
8681 14272
8681 17583
8681 29619
8682 48388
8705 16993
8714 48194
8742 40737
8742 40964
8772 27821
8772 43251
8787 10589
8796 25881
8796 49484
8810 32062
8810 34486
8827 10027
8827 16494
8843 45201
8857 12465
8857 20785
8857 36651
8859 34267
8859 47141
8890 19474
8890 22668
8890 24958
8929 40981
8968 13411
8984 17057
9012 15175
9042 37068
9087 48780
9106 9245
9106 19084
9135 9923
9140 47695
9167 29715
9173 44039
9201 19141
9201 32219
9245 19084
9248 10474
9248 13840
9267 40000
9312 23764
9322 26626
9322 42988
9343 12298
9343 12452
9343 35302
9343 41622
9346 35532
9406 23196
9419 22170
9421 16269
9427 15909
9432 27199
9432 36841
9434 23384
9434 43118
9442 49451
9444 19252
9476 49732
9488 23053
9488 23077
9529 19679
9529 48701
9537 36035
9548 31787
9548 46699
9553 21748
9553 36391
9566 27847
9579 27838
9595 12945
9595 25999
9595 41403
9612 28843
9672 45582
9681 33422
9688 26732
9708 15567
9708 27332
9738 14279
9739 30023
9744 15166
9767 29815
9787 23751
9787 47639
9797 44140
9799 31769
9829 39048
9839 46394
9856 27923
9865 11522
9882 12544
9884 13973
9884 25814
9884 26201
9884 36968
9884 38169
9903 28123
9903 46989
9909 27117
9909 30339
9909 31750
9909 45724
9910 24560
9920 18130
9920 36662
9931 12486
9941 34995
9976 19272
9980 16311
9980 41556
9995 24673
9995 49949
10011 38772
10017 15027
10017 44387
10023 26141
10025 10742
10025 21291
10025 28324
10027 16494
10056 43160
10084 21791
10088 37297
10093 23519
10130 11901
10130 33388
10131 18174
10157 18758
10157 19143
10158 26564
10188 46885
10212 12106
10213 29742
10213 31780
10242 18853
10242 43090
10272 28063
10272 32373
10275 28688
10281 13305
10295 27579
10341 19565
10346 19937
10348 49147
10356 48825
10383 20417
10390 48204
10417 49646
10423 24172
10426 10777
10437 28009
10437 36588
10453 39969
10466 17526
10466 38813
10474 13840
10484 11897
10484 19780
10493 28871
10493 31536
10511 47432
10512 27699
10516 13695
10516 31065
10536 12575
10536 32743
10536 47443
10545 44554
10562 34274
10569 24368
10570 11798
10592 43521
10596 40768
10597 20769
10597 21797
10617 36014
10651 26990
10651 33311
10651 39902
10652 40341
10652 41652
10683 27857
10683 34920
10697 45653
10742 21291
10742 28324
10757 42759
10759 12398
10773 11985
10788 11392
10788 39394
10817 39349
10823 46223
10823 47277
10873 13354
10873 18601
10873 42472
10912 30908
10924 15754
10941 46653
10958 41194
10992 20840
11015 16561
11016 12728
11016 35184
11016 40764
11040 26258
11049 34059
11052 23098
11052 31868
11063 20105
11073 24639
11073 37443
11095 42966
11128 46405
11166 16454
11166 20679
11166 31613
11189 38643
11200 47563
11226 23838
11226 49113
11257 21016
11258 21650
11285 28866
11285 48538
11306 26738
11306 45196
11342 35580
11365 18272
11374 23748
11374 35275
11374 38099
11392 39394
11393 37805
11394 40610
11406 14243
11406 30820
11406 39936
11407 33767
11480 26655
11493 31974
11493 32359
11507 33142
11512 47930
11543 39304
11543 47210
11579 13280
11579 25875
11579 36731
11581 27538
11608 13517
11608 30568
11608 37215
11620 13926
11620 15345
11620 19111
11620 46158
11638 14884
11648 16196
11675 19031
11716 48841
11744 43704
11773 16843
11781 38336
11818 29264
11819 40143
11843 12991
11846 17297
11846 21799
11846 29659
11880 17289
11889 42144
11897 19780
11901 33388
11932 33155
11946 14292
11946 16428
11946 33817
11946 49635
11950 14328
11950 48567
11963 49808
11992 18787
12001 24350
12001 35151
12023 41393
12046 29356
12046 36748
12067 49324
12096 46733
12120 17605
12140 34757
12151 37450
12151 48499
12207 29037
12208 23443
12217 26529
12223 14690
12223 31815
12223 32907
12223 40858
12225 25227
12235 20517
12235 30957
12268 20385
12269 14471
12298 12452
12298 35302
12298 41622
12301 41661
12301 43627
12332 26135
12338 40469
12356 20722
12356 40656
12380 29930
12415 13160
12415 18204
12416 33182
12416 48375
12431 32757
12452 35302
12452 41622
12465 20785
12465 36651
12483 34031
12517 38241
12545 22435
12547 34292
12565 14272
12565 17583
12565 29619
12571 13238
12573 37168
12573 37695
12575 32743
12575 47443
12611 42832
12659 26851
12659 38407
12667 41735
12669 34387
12690 38965
12728 35184
12728 40764
12744 33513
12756 48897
12761 42278
12794 16237
12807 20795
12810 19067
12841 47484
12868 38616
12881 17846
12884 31026
12896 42514
12903 40659
12930 38945
12945 25999
12945 41403
12951 16261
12965 47621
12976 28438
13027 28942
13038 37745
13074 27285
13077 23959
13137 26667
13137 27722
13140 38501
13160 18204
13166 22345
13166 38856
13199 24848
13199 29190
13199 49314
13237 37063
13250 38612
13280 25875
13280 36731
13327 49154
13329 18537
13333 48099
13341 21201
13354 18601
13354 42472
13356 36433
13356 49020
13397 36026
13402 31604
13433 28905
13449 25779
13484 22378
13508 20250
13510 13732
13510 13946
13510 17761
13510 26893
13510 40558
13517 30568
13517 37215
13545 42518
13600 46986
13605 19214
13695 31065
13730 42352
13732 13946
13732 17761
13732 26893
13732 40558
13746 31904
13746 42285
13746 44124
13782 34086
13802 29899
13827 39579
13849 19460
13849 37546
13864 14531
13889 38383
13909 42410
13920 28144
13920 29123
13922 40943
13926 15345
13926 19111
13926 46158
13946 17761
13946 26893
13946 40558
13969 15846
13973 25814
13973 26201
13973 36968
13973 38169
13993 43814
14029 25064
14034 35196
14073 39541
14073 45616
14073 47589
14115 44820
14118 30207
14118 48286
14143 28499
14163 45865
14216 22405
14238 39027
14238 47206
14243 30820
14243 39936
14261 23243
14261 30921
14266 40384
14272 17583
14272 29619
14273 20862
14277 28735
14277 44504
14277 48667
14292 16428
14292 33817
14292 49635
14300 27128
14303 14343
14328 48567
14332 40956
14341 14907
14341 31946
14356 20879
14516 36915
14519 35930
14534 14746
14567 23874
14570 15193
14570 20960
14570 40758
14573 31880
14573 36722
14622 30959
14626 25704
14642 38897
14650 21187
14651 45958
14668 47264
14677 20982
14677 34128
14679 26821
14679 43042
14689 25178
14690 31815
14690 32907
14690 40858
14742 20762
14751 40186
14775 42223
14787 41321
14788 33915
14827 17252
14859 42796
14862 45567
14872 23753
14872 36554
14885 32302
14895 42083
14907 31946
14917 29006
14988 32799
14988 40593
15007 16806
15027 44387
15031 15732
15048 23891
15051 17478
15051 19086
15051 33282
15068 32530
15077 48359
15079 31218
15087 31653
15125 26918
15125 26972
15125 45195
15128 31795
15149 45559
15159 28801
15193 20960
15193 40758
15195 17131
15204 21518
15210 43830
15213 24700
15213 44160
15213 49757
15279 47456
15283 21630
15283 30009
15308 27502
15316 18405
15345 19111
15345 46158
15359 44488
15360 22139
15366 46432
15396 48558
15451 15619
15457 27477
15457 34090
15525 37737
15532 20252
15567 27332
15585 34429
15585 34880
15612 38753
15625 37211
15658 19842
15712 38755
15715 29490
15718 19493
15734 46729
15742 32813
15747 48876
15748 41939
15834 32083
15868 19545
15868 27731
15988 41378
15994 20201
16008 28907
16010 22414
16025 23393
16025 31199
16025 37992
16025 48531
16033 34728
16062 21776
16091 38137
16134 30647
16137 22812
16137 23640
16157 31479
16174 21927
16174 31075
16218 33065
16218 39103
16232 28810
16275 25126
16306 20511
16306 42010
16311 41556
16318 40044
16318 49891
16329 24637
16329 46507
16329 48177
16340 21271
16369 19627
16369 42585
16378 47249
16400 43235
16401 37641
16410 19871
16419 23766
16426 40524
16428 33817
16428 49635
16435 35849
16444 34838
16454 20679
16454 31613
16464 22670
16464 36044
16487 21483
16493 37628
16523 25830
16551 22040
16565 20399
16572 45615
16638 19241
16638 21175
16654 22553
16655 38806
16665 49200
16666 23546
16722 30096
16734 21740
16739 34323
16739 46865
16748 43465
16779 35322
16833 33485
16835 25857
16835 46483
16840 24150
16856 17171
16856 22067
16856 29591
16893 35767
16898 41583
16912 21335
16912 41019
16912 47673
16925 32867
16927 26536
16927 30843
16947 19782
16947 25014
16949 33530
16960 20614
16960 41103
17004 17122
17051 30369
17051 38480
17054 31006
17054 46116
17121 33866
17121 49138
17130 39192
17130 47918
17136 45520
17171 22067
17171 29591
17173 31822
17173 35585
17176 48525
17197 47475
17219 40633
17227 23783
17242 22980
17242 25313
17276 41304
17297 21799
17297 29659
17308 29364
17309 21806
17309 34544
17321 26916
17344 35328
17352 36030
17352 41528
17385 26964
17419 29065
17419 39946
17445 37694
17454 28113
17478 19086
17478 33282
17496 33408
17509 19449
17509 35029
17509 47924
17520 34469
17526 38813
17539 31630
17539 33688
17539 33718
17583 29619
17617 28450
17621 36082
17661 44101
17679 29405
17679 35622
17682 37257
17703 20026
17712 23242
17712 45880
17719 19409
17736 19156
17761 26893
17761 40558
17792 33537
17792 43898
17827 24652
17843 34382
17868 25283
17880 37876
17906 19265
17919 18368
17941 43075
17948 19587
17954 35238
17956 47468
17978 35441
17980 20778
18037 29435
18038 28918
18072 35802
18077 36750
18092 32252
18104 24077
18130 36662
18131 25343
18151 23776
18151 47539
18206 44374
18206 45995
18214 28837
18242 18483
18242 22013
18250 38279
18252 22550
18259 22158
18278 23975
18303 48432
18313 21527
18313 49291
18341 31255
18359 30895
18388 49938
18396 26241
18418 44397
18483 22013
18569 30601
18569 42467
18573 32313
18573 44430
18601 42472
18641 21205
18641 49629
18644 29966
18644 36684
18650 29354
18667 30526
18684 25431
18689 45838
18705 26983
18705 27304
18714 47613
18734 25035
18747 27015
18758 19143
18774 46926
18798 48170
18821 20055
18821 31886
18847 35522
18853 43090
18932 34021
18932 37395
18936 31553
18942 37568
18991 32174
19030 22625
19030 34160
19046 35285
19053 29617
19053 31237
19053 32398
19058 41994
19083 41386
19086 33282
19087 44222
19111 46158
19141 32219
19154 25624
19168 26709
19178 44743
19194 22289
19194 46859
19194 47514
19199 40208
19239 47170
19241 21175
19293 42616
19293 49416
19303 41772
19316 20173
19359 41336
19385 43236
19387 26508
19387 42125
19388 35642
19402 26956
19429 30037
19449 35029
19449 47924
19451 36538
19460 37546
19474 22668
19474 24958
19518 38162
19518 48234
19531 48268
19541 30407
19541 48809
19545 27731
19546 47769
19578 28165
19578 47349
19601 43034
19605 49071
19613 43938
19627 42585
19634 36881
19665 40299
19674 21798
19679 48701
19708 21536
19730 26041
19730 36900
19745 42987
19746 35146
19746 42065
19758 28872
19763 23010
19782 25014
19793 40922
19793 47804
19795 30134
19831 40904
19847 44782
19847 45426
19848 41570
19863 41711
19890 35969
19913 41377
19913 44062
19927 44851
19949 24522
20055 31886
20075 46111
20096 22729
20116 47465
20120 24248
20182 31550
20214 30100
20221 34528
20223 28873
20225 21215
20230 23878
20230 26040
20230 35943
20306 31820
20329 47055
20330 43314
20341 31063
20344 35333
20344 49067
20357 27213
20412 48884
20412 49572
20422 45478
20474 43119
20493 27516
20493 48886
20501 25673
20501 34764
20501 47305
20511 42010
20517 30957
20546 32035
20552 38437
20559 33081
20559 40445
20614 41103
20659 45595
20679 31613
20687 28039
20722 40656
20752 35216
20757 23668
20769 21797
20780 47825
20785 36651
20798 27914
20804 46533
20804 48731
20828 27297
20847 22283
20847 36237
20847 40511
20863 21048
20863 35954
20863 44021
20921 23792
20954 25927
20960 40758
20975 26993
20982 34128
20991 31393
20991 34785
21000 45861
21048 35954
21048 44021
21069 42361
21121 44129
21205 49629
21232 23846
21246 35907
21246 49072
21246 49339
21249 47591
21282 23286
21285 28471
21285 35488
21291 28324
21299 23619
21312 37236
21312 43930
21335 41019
21335 47673
21351 30623
21382 27919
21401 23693
21401 24269
21401 46950
21466 29080
21527 49291
21619 28423
21627 28169
21630 30009
21696 22909
21745 32858
21748 36391
21753 40179
21773 24777
21790 22882
21799 29659
21806 34544
21833 28268
21833 31015
21848 23220
21848 24671
21871 39167
21878 22024
21896 23241
21896 34756
21906 40805
21906 48216
21910 31405
21910 31998
21910 45190
21922 46642
21927 31075
21951 38492
21982 46925
22039 24866
22067 29591
22081 36251
22085 33856
22116 25653
22180 34245
22207 23558
22223 23855
22276 41815
22283 36237
22283 40511
22289 46859
22289 47514
22339 34116
22339 35541
22345 38856
22361 35129
22368 25325
22368 47993
22401 22593
22411 38342
22415 23145
22438 33800
22538 23839
22540 47331
22598 47567
22625 34160
22632 36098
22668 24958
22670 36044
22719 40374
22753 49559
22763 31872
22772 28187
22772 40200
22772 42817
22775 44883
22775 49257
22785 32355
22785 36629
22809 40038
22812 23640
22847 43315
22847 46625
22959 36719
22980 25313
23002 24111
23053 23077
23098 31868
23112 45946
23199 31447
23199 47731
23220 24671
23224 28023
23240 49962
23241 34756
23242 45880
23243 30921
23338 44456
23374 26163
23384 43118
23393 31199
23393 37992
23393 48531
23448 33524
23463 28995
23465 27549
23481 30951
23496 30214
23496 31198
23505 26573
23505 28626
23505 43804
23520 29886
23543 48077
23584 24277
23600 46874
23605 35595
23607 41870
23616 40434
23651 38951
23684 32428
23684 48031
23687 43453
23693 24269
23693 46950
23698 24839
23728 28005
23737 29701
23748 35275
23748 38099
23751 47639
23753 36554
23769 46123
23776 47539
23786 29206
23838 49113
23842 40920
23844 46587
23858 32711
23878 26040
23878 35943
23882 35634
23882 41090
23969 42688
23987 45298
23987 45347
24016 32652
24019 25087
24019 40699
24019 43486
24031 31794
24047 26906
24130 49037
24161 29218
24161 35809
24175 24495
24175 31262
24175 31412
24190 30539
24203 40138
24244 37786
24244 47451
24252 46531
24269 46950
24287 26763
24287 31385
24308 49321
24312 36986
24350 35151
24394 28856
24407 32570
24459 43108
24495 31262
24495 31412
24501 28170
24501 28592
24501 41950
24581 42552
24612 48773
24616 34932
24637 46507
24637 48177
24639 37443
24673 49949
24676 37119
24676 43713
24695 33455
24700 44160
24700 49757
24710 25574
24790 38525
24792 49433
24808 32690
24808 33383
24836 46962
24843 27951
24843 40154
24848 29190
24848 49314
24857 41668
24857 46284
24868 33780
24905 27201
24949 30423
24949 38973
24964 49998
24982 30845
25011 40270
25022 36709
25063 34124
25070 29393
25087 40699
25087 43486
25088 37913
25095 29216
25104 42584
25207 26984
25208 28793
25210 27872
25242 35598
25271 47807
25278 46242
25280 43904
25280 45477
25290 28099
25291 47908
25305 48229
25325 47993
25351 27514
25351 32890
25373 43693
25449 26507
25449 30639
25511 45811
25538 36336
25546 27454
25578 43043
25642 37622
25670 35744
25670 41587
25673 34764
25673 47305
25698 36137
25706 34745
25706 35072
25706 43114
25710 37333
25712 27729
25714 48343
25745 37514
25763 27028
25773 46817
25774 45884
25814 26201
25814 36968
25814 38169
25829 26193
25850 45076
25857 46483
25872 48636
25875 36731
25881 49484
25886 41761
25914 42280
25951 27779
25986 37886
25987 28158
25987 46600
25987 49894
25999 41403
26006 39675
26018 31695
26040 35943
26041 36900
26094 33296
26094 40755
26094 45537
26097 27376
26160 35628
26201 36968
26201 38169
26254 45905
26277 46375
26283 39652
26297 46463
26370 38609
26379 32942
26444 44665
26503 29249
26507 30639
26508 42125
26536 30843
26557 44648
26573 28626
26573 43804
26617 44593
26626 42988
26632 26697
26640 34702
26667 27722
26683 32484
26683 36950
26683 48881
26688 44078
26711 32090
26724 34178
26738 45196
26763 31385
26781 45679
26820 40640
26820 48593
26821 43042
26851 38407
26893 40558
26897 41219
26899 31438
26899 42670
26918 26972
26918 45195
26939 45108
26972 45195
26983 27304
26990 33311
26990 39902
27064 32394
27064 48480
27069 31116
27074 48431
27113 47302
27113 49750
27117 30339
27117 31750
27117 45724
27123 33099
27123 39058
27123 49001
27199 36841
27227 31918
27232 28381
27232 41445
27250 33788
27250 45469
27255 47109
27267 30862
27272 29228
27280 32626
27324 30049
27342 34905
27359 49683
27372 27469
27420 29191
27477 34090
27514 32890
27516 48886
27605 27664
27605 27778
27656 43925
27656 49665
27664 27778
27685 35730
27795 42088
27795 48682
27821 43251
27857 34920
27922 28526
27940 28536
27940 29645
27948 44337
27951 40154
27981 32349
28009 36588
28010 40370
28010 44985
28033 48871
28049 37494
28063 32373
28094 31321
28095 30969
28103 41650
28123 46989
28144 29123
28158 46600
28158 49894
28165 47349
28170 28592
28170 41950
28187 40200
28187 42817
28195 30767
28234 28647
28234 32792
28234 43456
28268 31015
28301 38500
28303 36886
28303 49065
28379 29649
28381 41445
28433 45540
28444 47656
28449 34884
28471 35488
28472 31134
28472 40124
28483 40707
28528 30147
28528 35710
28536 29645
28592 41950
28626 43804
28647 32792
28647 43456
28659 40911
28708 29236
28708 46074
28708 47025
28735 44504
28735 48667
28816 48062
28854 48940
28866 48538
28871 31536
28880 34839
28890 46835
28938 40945
28938 42657
28983 30962
29001 33848
29038 30619
29065 39946
29069 39518
29107 47296
29130 47949
29190 49314
29218 35809
29236 46074
29236 47025
29296 45506
29304 37931
29340 38468
29356 36748
29368 40535
29405 35622
29426 46382
29463 48768
29468 31892
29468 42022
29469 30729
29559 35922
29586 46641
29617 31237
29617 32398
29624 38058
29689 44534
29742 31780
29794 41438
29805 35403
29911 47345
29940 35696
29953 33020
29953 44127
29957 48928
29966 36684
29970 49866
29990 43238
30042 39098
30075 43349
30087 41053
30088 45224
30103 33287
30137 48468
30147 35710
30207 48286
30214 31198
30269 40601
30278 39577
30278 45576
30310 45556
30332 36117
30339 31750
30339 45724
30341 31148
30369 38480
30407 48809
30423 38973
30473 49897
30512 43155
30565 36229
30568 37215
30590 49599
30595 39286
30601 42467
30626 33994
30654 44050
30694 34829
30716 49780
30722 33681
30757 34252
30820 39936
30929 36001
30932 33446
30952 39895
31006 46116
31018 46601
31037 43682
31082 38379
31106 34941
31115 31468
31134 40124
31142 36184
31182 40296
31191 35291
31199 37992
31199 48531
31237 32398
31262 31412
31266 41750
31296 33584
31343 37154
31384 40347
31389 32520
31392 43257
31393 34785
31405 31998
31405 45190
31411 48275
31422 47125
31438 42670
31447 47731
31529 43842
31630 33688
31630 33718
31637 31954
31646 45238
31696 39269
31750 45724
31768 38936
31787 46699
31815 32907
31815 40858
31822 35585
31834 35920
31880 36722
31892 42022
31904 42285
31904 44124
31908 43321
31908 47313
31908 49151
31912 35829
31912 39710
31912 40377
31915 44962
31915 48386
31934 43698
31966 32549
31966 35652
31974 32359
31998 45190
32062 34486
32071 40420
32082 40508
32082 47053
32117 32445
32117 39699
32117 48009
32137 42533
32138 39410
32176 43581
32263 36123
32301 45280
32313 44430
32355 36629
32372 48356
32388 34930
32394 48480
32428 48031
32445 39699
32445 48009
32484 36950
32484 48881
32491 36835
32521 34380
32526 38688
32549 35652
32614 41662
32657 42764
32661 47239
32678 43986
32690 33383
32691 42502
32694 49574
32743 47443
32791 48653
32791 49158
32792 43456
32799 40593
32822 47655
32838 41173
32894 37496
32907 40858
32928 48328
32963 44712
32992 33995
33012 44994
33020 44127
33065 39103
33081 40445
33093 33411
33099 39058
33099 49001
33121 46163
33182 48375
33296 40755
33296 45537
33311 39902
33340 33922
33515 35122
33537 43898
33571 43174
33577 33628
33601 35841
33673 42724
33688 33718
33721 35515
33740 46449
33758 39010
33788 45469
33817 49635
33818 40159
33838 45187
33866 49138
33906 44523
34021 37395
34116 35541
34203 46714
34228 38436
34267 47141
34323 46865
34396 38672
34429 34880
34571 47188
34580 46490
34699 40716
34699 47416
34738 36442
34745 35072
34745 43114
34764 47305
34820 36023
34875 41349
34910 39685
34942 40012
35029 47924
35030 46218
35047 49980
35050 46907
35072 43114
35126 42957
35138 47403
35143 48488
35146 42065
35184 40764
35195 45277
35202 41247
35204 49320
35205 35372
35228 41582
35275 38099
35302 41622
35333 49067
35350 42791
35359 37727
35426 47860
35435 36127
35473 40680
35476 48783
35497 43583
35497 47373
35626 46566
35634 41090
35744 41587
35753 39516
35829 39710
35829 40377
35838 46364
35907 49072
35907 49339
35954 44021
36030 41528
36237 40511
36254 45525
36416 36799
36433 49020
36483 37817
36610 41820
36610 45908
36770 38791
36814 38398
36836 44339
36876 38533
36886 49065
36892 42810
36896 46265
36950 48881
36968 38169
37014 38740
37033 41450
37114 46477
37119 43713
37168 37695
37172 46812
37236 43930
37373 45972
37450 48499
37506 44965
37508 40134
37559 40232
37724 49601
37729 49287
37786 47451
37992 48531
38015 46135
38052 43103
38123 46501
38162 48234
38176 39786
38255 49956
38367 47610
38473 43825
38473 45671
38479 42476
38689 46020
38711 45797
38736 46517
38969 47423
38969 48826
39027 47206
39044 46887
39058 49001
39112 46459
39169 44019
39192 47918
39222 43915
39304 47210
39412 46992
39458 49437
39477 43386
39541 45616
39541 47589
39577 45576
39609 43538
39699 48009
39710 40377
39900 47830
39904 44894
40044 49891
40200 42817
40309 43840
40341 41652
40370 44985
40508 47053
40585 48727
40587 44944
40591 41073
40640 48593
40699 43486
40716 47416
40737 40964
40755 45537
40805 48216
40922 47804
40945 42657
40949 48477
41019 47673
41374 41856
41377 44062
41413 49114
41661 43627
41668 46284
41759 42686
41820 45908
41883 42629
41895 44818
42009 42391
42069 47407
42088 48682
42098 47675
42104 45117
42104 48705
42133 45326
42285 44124
42337 44655
42616 49416
42864 48405
42879 43936
42879 49656
43171 48255
43290 47436
43315 46625
43321 47313
43321 49151
43434 49509
43583 47373
43825 45671
43903 48098
43904 45477
43925 49665
43936 49656
44160 49757
44182 44274
44188 49934
44374 45995
44392 46254
44410 44416
44410 49248
44416 49248
44487 46748
44504 48667
44506 47192
44578 47035
44578 47689
44584 45528
44602 49597
44719 47042
44782 45426
44819 47131
44883 49257
44962 48386
45117 48705
45283 45666
45298 45347
45338 48590
45501 49403
45616 47589
46074 47025
46110 48438
46202 49513
46223 47277
46356 47217
46370 49552
46507 48177
46533 48731
46559 46979
46600 49894
46677 49340
46859 47514
47035 47689
47247 47421
47302 49750
47313 49151
47359 48566
47423 48826
47513 48980
48653 49158
48884 49572
49072 49339
========================
========================
9 999
9 7636
9 15457
9 27477
9 34090
13 39839
16 7598
16 14856
29 3459
33 35339
46 41046
51 13015
68 33737
110 12483
110 34031
112 25351
112 27514
112 32890
120 37252
127 31411
127 48275
151 38475
154 16025
154 23393
154 31199
154 37992
154 48531
168 11189
168 38643
172 1262
172 3919
175 30567
181 23698
181 24839
189 32400
228 45262
244 17941
244 43075
302 41224
316 5785
318 30597
367 45060
383 1255
383 31144
397 31964
404 15991
435 37867
437 21619
437 24561
437 28423
437 38012
439 41733
440 7963
440 22368
440 25325
440 47993
462 32647
504 2795
518 9799
518 31769
549 22847
549 43315
549 46625
560 27119
562 12573
562 37168
562 37695
564 23806
584 24189
608 29953
608 33020
608 44127
617 2585
617 47067
622 41025
636 4944
636 5386
637 21888
649 41116
659 11314
659 44743
679 15919
680 46745
689 34566
698 34433
706 6069
706 9995
706 24673
706 49949
751 12659
751 26851
751 38407
775 10742
775 21291
775 28324
786 2401
825 44349
844 17470
844 37814
876 4779
876 14582
882 16134
882 30647
890 6277
890 26809
904 36107
912 19608
917 8857
917 12465
917 20785
917 36651
926 16275
926 25126
938 28379
976 6975
979 37636
999 7636
999 15457
999 27477
999 34090
1034 9738
1034 14279
1047 4501
1054 1438
1080 33421
1112 26974
1148 49975
1180 34202
1210 9051
1221 11726
1239 38714
1253 21292
1255 31144
1262 3919
1329 17344
1329 35328
1336 35445
1341 32853
1365 21000
1365 45861
1372 33906
1372 44523
1373 5519
1376 6850
1376 7209
1376 13166
1376 22345
1376 38856
1388 46364
1412 15559
1415 5792
1415 47132
1428 8023
1428 49558
1469 2887
1469 12627
1511 14124
1528 17682
1528 37257
1539 21773
1555 16739
1555 34323
1555 46865
1556 15133
1557 13510
1557 13732
1557 13946
1557 17761
1557 26893
1557 40558
1563 20331
1574 4654
1589 1719
1598 16565
1598 20399
1611 33480
1667 22595
1670 26033
1683 10982
1769 46425
1780 26155
1785 4809
1794 5682
1794 11285
1794 28866
1794 48538
1797 5125
1804 45952
1807 3710
1807 15715
1807 29490
1851 31651
1861 26617
1861 44593
1907 45986
1913 48838
1940 2386
1940 31014
1987 49614
1997 33160
1998 44185
2041 39732
2100 24808
2100 32690
2100 33383
2100 46718
2129 20850
2141 37744
2234 26444
2234 44665
2263 14651
2263 45958
2273 41673
2281 11306
2281 26738
2281 45196
2333 10213
2333 29742
2333 31780
2342 14003
2343 3261
2372 44667
2377 16329
2377 24637
2377 48177
2386 31014
2402 25050
2405 8036
2405 42133
2405 45326
2416 26970
2426 27885
2456 27618
2462 2847
2462 6047
2462 19780
2469 14881
2483 14214
2558 23811
2585 47067
2605 4284
2619 29146
2623 20116
2623 47465
2632 18299
2635 23786
2635 29206
2638 2974
2653 44169
2656 21620
2656 46647
2659 15926
2714 7935
2714 25712
2714 27729
2753 44602
2753 49597
2767 15233
2771 39247
2780 48697
2803 6852
2803 12415
2803 13160
2803 18204
2808 27821
2808 43251
2815 41010
2831 44188
2831 49934
2842 23536
2846 8787
2847 6047
2847 19780
2861 28301
2861 38500
2887 12627
2894 24235
2899 23316
2923 26790
2971 34490
2988 28163
2997 44794
3001 25400
3004 9750
3015 25924
3019 15094
3031 12267
3031 18558
3035 16822
3036 28971
3036 47325
3037 31955
3042 33673
3042 42724
3045 14374
3071 4201
3071 44164
3073 14450
3074 21178
3104 16953
3115 21922
3115 46642
3116 4821
3157 37614
3159 8613
3159 35205
3159 35372
3194 3653
3255 33701
3264 11992
3264 18787
3267 5348
3269 16526
3269 47588
3286 12995
3322 19082
3357 17308
3357 29364
3358 29697
3361 10570
3361 11798
3370 14883
3371 25632
3409 22411
3409 38342
3417 14173
3486 35135
3513 41647
3539 36817
3559 49093
3570 17321
3570 26916
3595 14954
3621 9286
3654 30963
3663 18644
3663 29966
3663 36684
3679 21939
3682 42815
3688 15316
3710 15715
3710 29490
3712 18714
3712 47613
3714 49000
3752 34203
3752 46714
3756 7358
3756 28444
3756 47656
3787 25511
3811 15120
3821 49073
3853 17880
3853 37876
3856 16373
3871 27237
3905 20572
3927 10683
3927 27857
3927 34920
3934 29107
3934 47296
3943 8056
3943 33627
3950 19725
3980 37418
3981 15716
3996 6757
3998 25829
3998 26193
4045 49624
4046 8598
4046 19793
4046 40922
4046 47804
4048 6563
4048 21128
4083 21024
4088 44460
4095 26277
4095 46375
4101 16925
4101 32867
4104 44400
4126 45131
4149 10751
4160 38638
4184 48636
4201 44164
4225 8905
4238 15769
4258 48882
4263 25210
4263 27872
4285 16503
4297 44182
4297 44274
4298 26954
4300 44662
4316 12744
4316 33513
4336 28472
4336 31134
4336 40124
4371 41512
4384 26636
4399 39160
4408 13659
4478 25546
4478 27454
4511 38523
4550 14016
4569 42007
4586 36778
4586 43604
4624 7822
4624 9106
4624 9245
4624 19084
4639 49560
4640 7330
4648 39918
4678 12332
4678 26135
4679 14775
4679 42223
4688 49021
4753 8423
4753 14872
4753 23753
4753 36554
4758 9183
4763 11180
4779 14582
4794 32876
4798 35698
4842 8916
4845 20223
4845 28873
4882 17679
4882 29405
4882 35622
4886 31902
4891 40915
4894 43222
4920 6399
4920 27047
4936 14513
4944 5386
4960 11192
4970 36712
4974 15748
4974 41939
5034 28195
5034 30767
5052 25182
5061 10355
5061 27250
5061 33788
5061 45469
5068 37715
5093 23616
5093 40434
5117 43428
5129 47545
5141 7461
5141 31310
5177 25057
5178 16653
5189 44342
5220 16225
5238 48600
5241 14022
5295 26297
5295 46463
5318 14804
5322 44610
5347 19783
5379 33538
5426 6981
5426 10390
5426 48204
5461 45650
5483 41635
5504 25171
5506 14706
5529 46542
5556 16833
5556 33485
5574 11465
5583 22191
5592 31678
5618 24676
5618 37119
5618 43713
5647 15051
5647 17478
5647 19086
5647 33282
5649 9778
5662 47687
5682 11285
5682 28866
5682 48538
5729 36880
5792 47132
5843 16493
5843 37628
5865 20225
5865 21215
5866 35543
5923 29007
5992 46916
5993 17509
5993 19449
5993 35029
5993 47924
5995 15279
5995 47456
6005 22522
6005 24317
6018 38784
6019 23622
6032 40525
6038 19723
6063 35234
6067 40906
6069 9995
6069 24673
6069 49949
6096 43286
6097 21301
6098 7819
6144 21060
6155 7374
6155 12380
6155 29930
6160 16567
6170 16049
6201 49263
6209 46352
6216 38892
6253 22008
6269 46660
6273 9903
6273 28123
6273 46989
6277 26809
6286 39681
6292 24744
6356 11365
6356 18272
6356 42526
6358 11107
6393 8843
6393 45201
6399 27047
6445 31646
6445 36297
6445 45238
6469 25670
6469 35744
6469 41587
6486 49180
6526 10870
6533 7362
6533 15592
6551 29640
6555 15023
6555 39694
6556 13390
6557 16462
6560 17510
6563 21128
6578 31232
6615 28879
6619 13987
6619 15879
6626 38353
6636 40365
6647 28398
6651 47710
6698 8827
6698 10027
6698 16494
6723 21134
6743 49075
6752 27605
6752 27664
6752 27778
6755 11347
6779 9163
6781 6870
6781 14034
6781 35196
6815 29122
6827 18456
6848 17343
6850 7209
6850 13166
6850 22345
6850 38856
6852 12415
6852 13160
6852 18204
6853 21910
6853 31405
6853 31998
6853 45190
6867 22457
6870 14034
6870 35196
6880 13329
6880 18537
6895 34875
6895 41349
6901 25158
6942 17496
6942 33408
6961 40193
6969 12301
6969 41661
6969 43627
6972 18847
6972 35522
6973 36791
6977 10341
6977 19565
6981 10390
6981 48204
7023 44409
7055 9948
7068 41883
7068 42629
7083 48831
7131 15451
7131 15619
7159 8256
7159 43570
7165 10021
7184 29463
7184 48768
7187 32105
7201 24830
7235 30768
7242 11669
7259 7779
7259 11040
7259 26258
7266 25580
7266 42627
7299 18263
7352 37568
7362 15592
7374 12380
7374 29930
7400 16166
7410 40309
7410 43840
7425 15308
7425 27502
7428 46161
7448 17452
7458 45283
7461 31310
7493 41936
7536 30932
7536 33446
7557 45439
7594 29366
7602 19505
7614 8940
7623 35851
7631 8425
7631 41659
7636 15457
7636 27477
7636 34090
7653 19763
7653 23010
7654 16947
7654 19782
7654 25014
7668 11038
7716 43960
7757 24857
7757 41668
7757 46284
7786 44819
7786 47131
7804 21094
7822 9106
7822 9245
7822 19084
7827 28854
7827 48940
7839 47903
7847 21848
7847 24671
7850 9842
7917 44132
7939 31384
7939 40347
7963 22368
7963 25325
7963 47993
8003 31593
8013 32660
8023 49558
8036 42133
8036 45326
8056 33627
8058 16006
8064 36302
8067 27113
8067 47302
8067 49750
8097 37027
8105 34013
8109 17242
8109 22980
8109 25313
8112 26212
8147 10536
8147 12575
8147 32743
8147 47443
8180 49198
8201 9679
8225 10148
8256 43570
8261 14143
8261 28499
8281 13740
8283 47525
8304 32494
8306 42502
8319 49313
8373 18368
8409 13077
8409 23959
8423 14872
8423 23753
8423 36554
8425 41659
8433 29617
8433 32398
8505 28100
8533 10616
8548 30103
8548 33287
8553 9884
8553 13973
8553 25814
8553 26201
8553 36968
8553 38169
8602 45045
8604 29770
8613 35205
8613 35372
8637 44180
8646 12151
8646 37450
8681 12565
8681 14272
8681 17583
8681 29619
8682 48388
8705 16993
8714 48194
8742 40737
8742 40964
8796 25881
8796 49484
8810 32062
8810 34486
8827 10027
8827 16494
8843 45201
8857 12465
8857 20785
8857 36651
8859 34267
8859 47141
8890 19474
8890 22668
8890 24958
8929 40981
8968 13411
8976 49611
8984 17057
9012 15175
9042 37068
9087 48780
9106 9245
9106 19084
9135 9923
9140 47695
9173 44039
9201 19141
9201 32219
9245 19084
9248 10474
9248 13840
9267 40000
9312 23764
9322 26626
9322 42988
9343 12298
9343 12452
9343 35302
9343 41622
9346 35532
9419 22170
9421 16269
9427 15909
9432 27199
9432 36841
9442 49451
9444 19252
9476 49732
9488 23053
9488 23077
9529 19679
9529 24390
9529 48701
9537 36035
9548 31787
9548 46699
9553 21748
9553 36391
9566 27847
9579 27838
9595 12945
9595 25999
9595 41403
9612 28843
9672 45582
9681 33422
9688 26732
9708 15567
9708 27332
9738 14279
9739 30023
9744 15166
9767 29815
9787 23751
9787 47639
9797 44140
9799 31769
9829 39048
9839 46394
9882 12544
9884 13973
9884 25814
9884 26201
9884 36968
9884 38169
9903 28123
9903 46989
9909 27117
9909 30339
9909 31750
9910 24560
9920 18130
9920 36662
9931 12486
9941 34995
9941 36273
9963 35508
9976 19272
9980 16311
9980 41556
9995 24673
9995 49949
10011 38772
10017 15027
10017 44387
10023 26141
10027 16494
10056 43160
10084 21791
10085 37132
10088 37297
10093 23519
10130 11901
10130 26961
10130 33388
10157 18758
10157 19143
10158 26564
10188 46885
10212 12106
10213 29742
10213 31780
10242 18853
10242 43090
10272 28063
10272 32373
10275 28688
10281 13305
10295 27579
10341 19565
10346 19937
10348 49147
10356 48825
10383 20417
10390 48204
10423 24172
10426 10777
10426 49538
10437 28009
10437 36588
10453 39969
10466 17526
10466 38813
10474 13840
10484 11897
10493 28871
10493 31536
10511 47432
10512 27699
10516 13695
10516 31065
10536 12575
10536 32743
10536 47443
10545 44554
10562 34274
10569 24368
10570 11798
10592 43521
10596 40768
10597 20769
10597 21797
10617 36014
10651 26990
10651 33311
10651 39902
10652 40341
10652 41652
10683 27857
10683 34920
10697 45653
10742 21291
10742 28324
10757 42759
10759 12398
10777 49538
10788 11392
10788 39394
10817 39349
10823 47277
10873 13354
10873 18601
10873 42472
10912 30908
10924 15754
10941 46653
10958 41194
10992 20840
11015 16561
11016 12728
11016 35184
11016 40764
11040 26258
11049 34059
11052 23098
11052 31868
11063 20105
11073 24639
11073 37443
11095 42966
11166 16454
11166 20679
11166 31613
11189 38643
11200 47563
11226 23838
11226 49113
11257 21016
11258 21650
11265 13120
11285 28866
11285 48538
11306 26738
11306 45196
11342 35580
11365 18272
11365 42526
11374 23748
11374 35275
11374 38099
11392 39394
11393 37805
11406 14243
11406 30820
11406 39936
11407 33767
11480 26655
11493 31974
11493 32359
11507 33142
11512 47930
11543 39304
11543 47210
11579 13280
11579 25875
11581 27538
11608 13517
11608 30568
11608 32744
11608 37215
11620 13926
11620 15345
11620 19111
11620 46158
11638 14884
11675 19031
11716 48841
11744 43704
11773 16843
11781 38336
11818 29264
11843 12991
11846 17297
11846 21799
11846 29659
11880 17289
11889 42144
11901 26961
11901 33388
11932 33155
11946 14292
11946 16428
11946 33817
11946 49635
11950 14328
11950 48567
11963 49808
11984 36569
11992 18787
12001 24350
12001 35151
12023 41393
12046 29356
12046 36748
12067 49324
12096 46733
12120 38355
12140 34757
12151 37450
12207 29037
12208 23443
12223 14690
12223 31815
12223 32907
12223 40858
12225 25227
12267 18558
12268 20385
12269 14471
12298 12452
12298 35302
12298 41622
12301 41661
12301 43627
12332 26135
12338 40469
12356 20722
12356 40656
12380 29930
12415 13160
12415 18204
12416 33182
12416 48375
12431 32757
12443 33834
12452 35302
12452 41622
12465 20785
12465 36651
12483 34031
12517 21248
12517 38241
12545 17245
12545 22435
12547 34292
12565 14272
12565 17583
12565 29619
12571 13238
12573 37168
12573 37695
12575 32743
12575 47443
12659 26851
12659 38407
12667 41735
12669 33667
12669 34387
12701 18676
12728 35184
12728 40764
12744 33513
12756 21687
12756 48897
12761 42278
12794 16237
12807 20795
12810 19067
12841 47484
12868 38616
12881 17846
12884 31026
12896 42514
12903 40659
12930 38945
12945 25999
12945 41403
12951 16261
12965 16388
12965 47621
12976 28438
13027 28942
13038 37745
13077 23959
13137 26667
13137 27722
13140 38501
13160 18204
13166 22345
13166 38856
13199 24848
13199 29190
13199 49314
13280 25875
13327 49154
13329 18537
13333 48099
13354 18601
13354 42472
13356 36433
13356 49020
13397 36026
13484 22378
13508 20250
13510 13732
13510 13946
13510 17761
13510 26893
13510 40558
13517 30568
13517 32744
13517 37215
13545 42518
13600 46986
13605 19214
13695 31065
13732 13946
13732 17761
13732 26893
13732 40558
13746 31904
13746 42285
13746 44124
13782 34086
13827 39579
13849 19460
13849 37546
13864 14531
13889 38383
13909 42410
13920 28144
13920 29123
13922 40943
13926 15345
13926 19111
13926 46158
13946 17761
13946 26893
13946 40558
13969 15846
13973 25814
13973 26201
13973 36968
13973 38169
13987 15879
13993 43814
14029 25064
14034 35196
14073 39541
14073 45616
14073 47589
14115 44820
14118 30207
14118 47269
14118 48286
14143 28499
14163 45865
14216 22405
14238 39027
14238 47206
14243 30820
14243 39936
14266 40384
14272 17583
14272 29619
14273 20862
14277 28735
14277 44504
14277 48667
14292 16428
14292 33817
14292 49635
14303 14343
14328 48567
14332 40956
14341 14907
14341 31946
14516 36915
14519 35930
14534 14746
14570 15193
14570 20960
14570 40758
14573 31880
14573 36722
14594 34012
14622 30959
14626 25704
14642 38897
14650 21187
14651 45958
14668 47264
14677 20982
14677 34128
14679 26821
14679 43042
14689 25178
14690 31815
14690 32907
14690 40858
14742 20762
14751 40186
14775 42223
14787 41321
14788 33915
14859 42796
14872 23753
14872 36554
14885 32302
14895 42083
14907 31946
14965 45480
14988 32799
14988 40593
15027 44387
15048 23891
15051 17478
15051 19086
15051 33282
15068 32530
15079 31218
15087 31653
15125 26918
15125 26972
15128 31795
15149 45559
15159 28801
15193 20960
15193 40758
15195 17131
15204 21518
15210 43830
15213 24700
15213 44160
15213 49757
15279 47456
15283 21630
15283 30009
15308 27502
15345 19111
15345 46158
15359 44488
15360 22139
15366 46432
15396 48558
15451 15619
15457 27477
15457 34090
15532 20252
15567 27332
15585 34429
15585 34880
15612 38753
15625 37211
15658 19842
15712 38755
15715 29490
15718 19493
15719 40222
15734 44756
15747 48876
15748 41939
15834 32083
15868 19545
15868 27731
15988 41378
15994 20201
16008 28907
16010 22414
16025 23393
16025 31199
16025 37992
16025 48531
16033 34728
16062 21776
16091 38137
16134 30647
16137 22812
16137 23640
16157 31479
16174 21927
16174 31075
16218 33065
16218 39103
16232 28810
16275 25126
16306 20511
16306 42010
16311 41556
16318 40044
16318 49891
16329 24637
16329 48177
16340 21271
16369 19627
16369 42585
16369 43429
16378 47249
16400 43235
16401 37641
16410 19871
16419 23766
16428 33817
16428 49635
16435 35849
16444 34838
16454 20679
16454 31613
16464 22670
16464 36044
16487 21483
16493 37628
16523 25830
16526 47588
16551 22040
16551 39360
16565 20399
16572 45615
16638 19241
16638 21175
16654 22553
16655 38806
16665 49200
16666 23546
16722 30096
16734 21740
16739 34323
16739 46865
16748 43465
16779 35322
16833 33485
16835 25857
16835 46483
16840 24150
16856 17171
16856 22067
16893 35767
16898 41583
16912 21335
16912 41019
16912 47673
16925 32867
16927 26536
16927 30843
16947 19782
16947 25014
16949 33530
16960 20614
16960 41103
17004 17122
17051 30369
17051 38480
17054 46116
17054 48302
17121 33866
17121 49138
17130 39192
17130 47918
17136 45520
17144 49912
17171 22067
17173 31822
17173 35585
17197 47475
17227 23783
17242 22980
17242 25313
17276 41304
17297 21799
17297 29659
17308 29364
17309 21806
17309 34544
17321 26916
17344 35328
17352 36030
17352 41528
17385 26964
17419 29065
17419 39946
17445 37694
17454 28113
17478 19086
17478 33282
17481 42408
17496 33408
17509 19449
17509 35029
17509 47924
17520 34469
17526 38813
17539 31630
17539 33688
17539 33718
17583 29619
17617 28450
17621 36082
17661 44101
17679 29405
17679 35622
17682 37257
17703 20026
17712 23242
17712 45880
17719 19409
17736 19156
17761 26893
17761 40558
17792 33537
17792 43898
17827 24652
17843 34382
17880 37876
17906 19265
17941 43075
17948 19587
17954 35238
17956 47468
17978 35441
17980 20778
18038 28918
18072 35802
18077 36750
18092 32252
18104 24077
18130 36662
18151 23776
18151 47539
18206 44374
18206 45995
18242 18483
18242 22013
18250 38279
18252 22550
18259 22158
18272 42526
18278 23975
18303 48432
18313 21527
18313 49291
18341 31255
18359 30895
18396 26241
18418 44397
18483 22013
18569 30601
18569 42467
18601 42472
18641 21205
18641 49629
18644 29966
18644 36684
18650 29354
18667 30526
18684 25431
18705 26983
18705 27304
18714 47613
18734 25035
18758 19143
18774 46926
18798 48170
18821 20055
18821 31886
18847 35522
18853 43090
18932 34021
18932 37395
18936 31553
19030 22625
19030 34160
19046 35285
19053 31237
19058 41994
19083 41386
19086 33282
19087 44222
19111 46158
19141 32219
19154 25624
19168 26709
19194 22289
19194 46859
19194 47514
19199 40208
19234 36246
19239 47170
19241 21175
19293 42616
19293 49416
19303 41772
19316 20173
19359 41336
19385 43236
19387 26508
19387 42125
19388 35642
19402 26956
19402 40416
19429 30037
19449 35029
19449 47924
19451 36538
19460 37546
19474 22668
19474 24958
19518 38162
19518 48234
19531 21214
19531 48268
19541 30407
19541 48809
19545 27731
19546 47769
19578 28165
19578 47349
19601 43034
19605 49071
19613 43938
19627 42585
19627 43429
19665 40299
19674 21798
19679 24390
19679 48701
19708 21536
19730 26041
19730 36900
19745 42987
19746 35146
19746 42065
19758 28872
19763 23010
19782 25014
19793 40922
19793 47804
19795 30134
19831 40904
19847 44782
19847 45426
19863 41711
19890 35969
19927 44851
19934 45846
19949 24522
20055 31886
20075 46111
20096 22729
20116 47465
20120 24248
20182 31550
20214 30100
20221 34528
20223 28873
20225 21215
20230 23878
20230 26040
20230 35943
20306 31820
20329 24164
20329 47055
20341 31063
20344 35333
20344 49067
20357 27213
20412 48884
20412 49572
20422 45478
20474 43119
20493 27516
20493 48886
20501 25673
20501 34764
20501 47305
20511 42010
20517 30957
20546 32035
20552 38437
20559 33081
20559 40445
20614 41103
20659 45595
20679 31613
20722 40656
20752 35216
20757 23668
20769 21797
20777 35871
20780 47825
20785 36651
20798 27914
20804 46533
20804 48731
20828 27297
20847 22283
20847 36237
20847 40511
20863 21048
20863 35954
20863 44021
20928 36298
20954 25927
20960 40758
20975 26993
20982 34128
20991 31393
21000 45861
21048 35954
21048 44021
21069 42361
21121 44129
21205 49629
21232 23846
21246 35907
21249 47591
21282 23286
21285 28471
21285 35488
21291 28324
21299 23619
21312 37236
21312 43930
21335 41019
21335 47673
21351 30623
21382 27919
21401 23693
21401 24269
21401 46950
21466 29080
21515 24340
21527 49291
21619 24561
21619 28423
21619 38012
21627 28169
21630 30009
21696 22909
21745 32858
21748 36391
21753 40179
21799 29659
21806 34544
21833 28268
21833 31015
21848 24671
21878 22024
21896 23241
21896 34756
21906 40805
21906 48216
21910 31405
21910 31998
21910 45190
21922 46642
21927 31075
21951 38492
21982 46925
22039 24866
22040 39360
22085 33856
22116 25653
22157 22565
22180 34245
22207 23558
22223 23855
22283 36237
22283 40511
22289 46859
22289 47514
22339 34116
22339 35541
22345 38856
22361 35129
22368 25325
22368 47993
22401 22593
22411 38342
22415 23145
22438 33800
22438 33851
22522 24317
22538 23839
22598 47567
22625 34160
22632 36098
22668 24958
22670 36044
22719 40374
22753 49559
22763 31872
22772 28187
22772 40200
22772 42817
22775 44883
22775 49257
22785 32355
22785 36629
22809 40038
22812 23640
22847 43315
22847 46625
22959 36719
22980 25313
23002 24111
23053 23077
23098 31868
23112 45946
23177 29287
23199 31447
23199 47731
23224 28023
23240 49962
23241 34756
23242 45880
23243 30921
23338 44456
23374 26163
23384 43118
23393 31199
23393 37992
23393 48531
23465 27549
23481 30951
23505 26573
23505 28626
23505 43804
23520 29886
23543 48077
23600 46874
23605 29012
23605 35595
23607 41870
23616 40434
23651 38951
23684 32428
23684 48031
23687 43453
23693 24269
23693 46950
23698 24839
23728 28005
23737 29701
23748 35275
23748 38099
23751 47639
23753 36554
23769 46123
23776 47539
23786 29206
23838 49113
23842 40920
23844 46587
23858 32711
23878 26040
23878 35943
23882 35634
23882 41090
23969 42688
23987 45298
23987 45347
24016 32652
24019 25087
24019 40699
24019 43486
24031 31794
24130 49037
24161 29218
24161 35809
24175 24495
24175 31262
24175 31412
24190 30539
24203 40138
24244 37786
24244 47451
24252 46531
24268 31017
24269 46950
24287 26763
24287 31385
24302 33384
24308 49321
24312 36986
24350 35151
24394 28856
24407 32570
24459 43108
24495 31262
24495 31412
24501 28170
24501 28592
24501 41950
24581 42552
24612 48773
24616 34932
24637 48177
24639 37443
24673 49949
24676 37119
24676 43713
24695 33455
24700 44160
24700 49757
24710 25574
24790 38525
24808 32690
24808 33383
24808 46718
24836 46962
24843 40154
24848 29190
24848 49314
24857 41668
24857 46284
24905 27201
24949 30423
24949 38973
24964 49998
24982 30845
25011 27355
25011 40270
25022 36709
25063 34124
25070 29393
25087 40699
25087 43486
25088 37913
25095 29216
25104 42584
25197 36902
25207 26984
25208 28793
25210 27872
25242 35598
25271 47807
25278 46242
25280 43904
25280 45477
25290 28099
25305 48229
25325 47993
25351 27514
25351 32890
25373 43693
25449 26507
25449 30639
25538 36336
25546 27454
25578 43043
25642 37622
25670 35744
25670 41587
25673 34764
25673 47305
25698 36137
25706 35072
25710 37333
25712 27729
25714 48343
25745 37514
25763 27028
25773 46817
25814 26201
25814 36968
25814 38169
25829 26193
25850 45076
25857 46483
25881 49484
25886 41761
25914 42280
25951 27779
25986 37886
25987 28158
25987 46600
25987 49894
25999 41403
26006 39675
26018 31695
26040 35943
26041 36900
26094 33296
26094 40755
26094 45537
26160 35628
26201 36968
26201 38169
26254 45905
26277 46375
26283 39652
26297 46463
26370 38609
26379 32942
26444 44665
26503 29249
26507 30639
26508 42125
26536 30843
26557 44648
26573 28626
26573 43804
26601 26808
26617 44593
26626 42988
26632 26697
26640 34702
26667 27722
26683 32484
26683 36950
26683 48881
26688 44078
26711 32090
26724 34178
26738 45196
26763 31385
26781 45679
26820 40640
26820 48593
26821 43042
26851 38407
26893 40558
26897 41219
26899 31438
26899 42670
26905 48014
26918 26972
26939 45108
26956 40416
26983 27304
26990 33311
26990 39902
27064 32394
27064 48480
27069 31116
27074 48431
27113 47302
27113 49750
27117 30339
27117 31750
27123 33099
27123 39058
27123 49001
27170 39298
27199 36841
27227 31918
27232 28381
27232 41445
27250 33788
27250 45469
27255 47109
27271 36400
27272 29228
27280 32626
27324 30049
27342 34905
27359 49683
27372 27469
27420 29191
27477 34090
27514 32890
27515 38664
27516 48886
27590 41000
27605 27664
27605 27778
27656 43925
27656 49665
27664 27778
27685 35730
27795 42088
27795 48682
27821 43251
27857 34920
27922 28526
27940 28536
27940 29645
27981 32349
28009 36588
28010 40370
28010 44985
28033 48871
28063 32373
28094 31321
28095 30969
28103 41650
28123 46989
28144 29123
28158 46600
28158 49894
28165 47349
28170 28592
28170 41950
28187 40200
28187 42817
28195 30767
28234 28647
28234 32792
28234 43456
28268 31015
28301 38500
28303 49065
28381 41445
28423 38012
28433 45540
28444 47656
28449 34884
28471 35488
28472 31134
28472 40124
28483 40707
28528 30147
28528 35710
28536 29645
28592 41950
28626 43804
28647 32792
28647 43456
28659 40911
28708 32147
28708 46074
28735 44504
28735 48667
28854 48940
28866 48538
28869 35796
28871 31536
28880 34839
28890 46835
28938 40945
28938 42657
28983 30962
29001 33848
29038 30619
29065 39946
29069 39518
29107 47296
29130 47949
29190 49314
29218 35809
29236 47025
29247 45697
29296 45506
29304 37931
29340 34852
29340 38468
29356 36748
29368 40535
29405 35622
29426 46382
29463 48768
29468 31892
29468 42022
29469 30729
29559 35922
29586 46641
29617 32398
29624 38058
29689 44534
29742 31780
29794 41438
29805 35403
29911 47345
29940 35696
29953 33020
29953 44127
29957 48928
29966 36684
29970 42331
29970 49866
29990 43238
30075 43349
30087 41053
30088 45224
30103 33287
30137 48468
30147 35710
30207 47269
30207 48286
30214 31198
30269 40601
30278 39577
30278 39881
30278 45576
30310 45556
30332 36117
30339 31750
30341 31148
30369 38480
30407 48809
30423 38973
30473 49897
30512 43155
30565 36229
30568 32744
30568 37215
30590 49599
30595 39286
30601 42467
30626 33994
30654 44050
30694 34829
30716 49780
30722 33681
30757 34252
30820 39936
30932 33446
30952 39895
31018 46601
31037 43682
31082 38379
31106 34941
31115 31468
31134 40124
31142 36184
31182 40296
31191 35291
31199 37992
31199 48531
31262 31412
31266 41750
31296 33584
31343 37154
31384 40347
31389 32520
31392 43257
31405 31998
31405 45190
31411 48275
31438 42670
31447 47731
31630 33688
31630 33718
31637 31954
31646 36297
31646 45238
31696 39269
31768 38936
31778 32617
31787 46699
31815 32907
31815 40858
31822 35585
31834 35920
31880 36722
31892 42022
31904 42285
31904 44124
31908 43321
31908 47313
31908 49151
31912 35829
31915 44962
31915 48386
31934 43698
31966 35652
31974 32359
31998 45190
32062 34486
32071 40420
32082 40508
32082 47053
32117 32445
32117 39699
32117 48009
32137 42533
32138 39410
32263 36123
32313 44430
32355 36629
32372 48356
32388 34930
32394 48480
32428 48031
32445 39699
32445 48009
32484 36950
32484 48881
32521 34380
32526 38688
32657 42764
32661 47239
32690 33383
32690 46718
32694 49574
32743 47443
32791 48653
32791 49158
32792 43456
32799 40593
32822 47655
32894 37496
32907 40858
32928 48328
32963 44712
32992 33995
33012 44994
33020 44127
33065 39103
33081 40445
33093 33411
33099 39058
33099 49001
33121 46163
33182 48375
33296 40755
33296 45537
33311 39902
33340 33922
33383 46718
33515 35122
33537 43898
33571 43174
33601 35841
33673 42724
33688 33718
33721 35515
33740 46449
33788 45469
33800 33851
33817 49635
33818 40159
33838 45187
33866 49138
33906 44523
34021 37395
34116 35541
34203 46714
34228 38436
34267 47141
34323 46865
34396 38672
34429 34880
34571 47188
34580 46490
34699 40716
34699 47416
34745 43114
34764 47305
34820 36023
34875 41349
34942 40012
34995 36273
35029 47924
35030 46218
35047 49980
35050 46907
35126 42957
35138 47403
35143 48488
35146 42065
35184 40764
35202 41247
35204 49320
35205 35372
35228 41582
35275 38099
35302 41622
35333 49067
35350 42791
35359 37727
35426 47860
35435 36127
35476 48783
35497 47373
35634 41090
35744 41587
35753 39516
35954 44021
35995 39362
36030 41528
36237 40511
36254 45525
36416 36799
36433 49020
36483 37817
36610 45908
36770 38791
36814 38398
36836 44339
36892 42810
36896 46265
36950 48881
36968 38169
37014 38740
37033 41450
37114 46477
37119 43713
37168 37695
37172 46812
37236 43930
37373 45972
37506 44965
37508 40134
37724 49601
37729 49287
37786 47451
37992 48531
38015 46135
38052 43103
38123 46501
38162 48234
38176 39786
38255 49956
38367 47610
38473 43825
38473 45671
38479 42476
38689 46020
38711 45797
38736 46517
38969 47423
38969 48826
39027 47206
39044 46887
39058 49001
39112 46459
39136 41254
39169 44019
39192 47918
39222 43915
39304 47210
39412 46992
39458 49437
39477 43386
39541 45616
39541 47589
39577 39881
39577 45576
39609 43538
39699 48009
39710 40377
39900 47830
39904 44894
40044 49891
40200 42817
40309 43840
40341 41652
40370 44985
40508 47053
40587 44944
40591 41073
40640 48593
40699 43486
40716 47416
40737 40964
40755 45537
40805 48216
40922 47804
40945 42657
41019 47673
41374 41856
41413 49114
41661 43627
41668 46284
41759 42686
41883 42629
41901 46056
42069 47407
42088 48682
42098 47675
42104 45117
42104 48705
42133 45326
42285 44124
42337 44655
42585 43429
42616 49416
42864 48405
42879 43936
42879 49656
43171 48255
43290 47436
43315 46625
43321 47313
43321 49151
43434 49509
43825 45671
43903 48098
43904 45477
43925 49665
43936 49656
44160 49757
44182 44274
44188 49934
44374 45995
44392 46254
44410 44416
44410 49248
44416 49248
44487 46748
44504 48667
44506 47192
44578 47035
44578 47689
44584 45528
44602 49597
44719 47042
44782 45426
44793 47075
44819 47131
44883 49257
44962 48386
45117 48705
45298 45347
45338 48590
45616 47589
46110 48438
46116 48302
46202 49513
46356 47217
46370 49552
46533 48731
46559 46979
46600 49894
46677 49340
46859 47514
47001 48721
47035 47689
47302 49750
47313 49151
47359 48566
47423 48826
47513 48980
48653 49158
48884 49572
49072 49339
хуй
